#Cluster71
3.3087248322147653	1.6308724832214765
3.5838926174496644	1.1610738255033557
4.993288590604027	1.476510067114094
3.9395973154362416	1.6442953020134228
4.060402684563758	2.48993288590604
5.791946308724833	1.5838926174496644
4.3355704697986575	1.7986577181208054
4.449664429530201	1.3624161073825503
4.657718120805369	1.3288590604026846
4.073825503355705	1.8590604026845639
5.073825503355705	2.2416107382550337
4.805369127516778	2.12751677852349
4.167785234899329	3.033557046979866
4.644295302013423	1.570469798657718
5.456375838926174	1.7315436241610738
5.12751677852349	2.5906040268456376
5.939597315436242	2.7651006711409396
5.2885906040268456	2.1946308724832213
5.167785234899329	1.651006711409396
7.228187919463087	1.4496644295302012
6.503355704697986	1.8523489932885906
5.510067114093959	1.5838926174496644
5.953020134228188	1.651006711409396
5.791946308724833	1.3288590604026846
5.120805369127517	1.9530201342281879
6.516778523489933	1.4496644295302012
6.355704697986577	1.4026845637583893
5.932885906040268	1.5771812080536913
6.704697986577181	1.436241610738255
6.577181208053691	1.4161073825503356
6.684563758389261	1.221476510067114
6.281879194630872	1.6375838926174497
5.724832214765101	1.167785234899329
6.97986577181208	1.3758389261744965
5.221476510067114	1.8053691275167785
6.657718120805369	1.3758389261744965
6.510067114093959	1.9664429530201342
6.731543624161074	1.6308724832214765
6.583892617449664	2.046979865771812
7.248322147651007	1.2684563758389262
7.1610738255033555	1.1812080536912752
7.624161073825503	1.5100671140939597
6.5369127516778525	1.563758389261745
7.120805369127517	1.5302013422818792
6.818791946308725	1.2147651006711409
7.006711409395973	1.4630872483221478
6.885906040268456	2.61744966442953
8.516778523489933	1.9328859060402686
8.771812080536913	1.6241610738255035
8.51006711409396	1.825503355704698
8.89261744966443	1.9530201342281879
9.020134228187919	2.208053691275168
10.805369127516778	1.738255033557047
12.885906040268456	1.9798657718120805
16.523489932885905	1.8523489932885906
14.758389261744966	1.6979865771812082
15.845637583892618	2.3422818791946307
27.02013422818792	2.1006711409395975
87.04697986577182	3.7449664429530203
148.36241610738256	2.697986577181208
88.8993288590604	2.557046979865772
41.38926174496644	2.4630872483221475
33.77852348993289	2.0805369127516777
30.20805369127517	2.161073825503356
21.906040268456376	2.3959731543624163
14.771812080536913	2.4832214765100673
10.114093959731544	3.5503355704697985
5.181208053691275	3.214765100671141
3.825503355704698	5.087248322147651
3.9194630872483223	5.4630872483221475
2.2013422818791946	6.644295302013423
2.0738255033557045	6.704697986577181
1.9932885906040267	5.12751677852349
1.832214765100671	4.302013422818792
2.248322147651007	3.12751677852349
2.1073825503355703	2.0738255033557045
3.0738255033557045	2.0805369127516777
4.25503355704698	2.0067114093959733
5.624161073825503	2.0738255033557045
5.89261744966443	2.120805369127517
6.302013422818792	2.9731543624161074
6.194630872483222	3.825503355704698
5.832214765100671	4.906040268456376
3.9798657718120807	5.422818791946309
3.2550335570469797	10.375838926174497
3.295302013422819	15.275167785234899
2.8322147651006713	23.154362416107382
2.9798657718120807	28.449664429530202
3.1140939597315436	33.30201342281879
2.610738255033557	42.288590604026844
3.1812080536912752	75.75838926174497
4.281879194630872	94.67785234899328
2.912751677852349	56.18791946308725
2.791946308724832	25.302013422818792
2.1006711409395975	14.503355704697986
3.3758389261744965	17.093959731543624
2.9261744966442955	16.516778523489933
2.161073825503356	12.939597315436242
2.557046979865772	13.295302013422818
2.87248322147651	10.181208053691275
2.221476510067114	11.677852348993289
3.1812080536912752	9.100671140939598
2.248322147651007	8.187919463087248
1.6375838926174497	7.973154362416107
2.1006711409395975	9.879194630872483
3.0134228187919465	7.395973154362416
3.6308724832214767	7.953020134228188
1.8523489932885906	7.25503355704698
1.6308724832214765	7.604026845637584
1.6644295302013423	7.859060402684563
1.2348993288590604	6.570469798657718
1.6375838926174497	8.302013422818792
1.3154362416107384	8.570469798657719
1.3691275167785235	8.624161073825503
1.1476510067114094	9.221476510067115
1.523489932885906	6.912751677852349
1.9597315436241611	8.308724832214764
1.5906040268456376	8.174496644295303
1.832214765100671	6.899328859060403
1.5503355704697988	7.241610738255034
1.6308724832214765	7.268456375838926
1.738255033557047	7.10738255033557
2.040268456375839	7.939597315436242
1.7651006711409396	7.033557046979865
2.2684563758389262	7.845637583892618
2.3624161073825505	6.624161073825503
2.1812080536912752	7.76510067114094
2.0671140939597317	8.120805369127517
1.2751677852348993	8.87248322147651
1.5570469798657718	6.6644295302013425
1.2348993288590604	8.201342281879194
1.342281879194631	7.181208053691275
1.4228187919463087	8.93288590604027
1.261744966442953	8.832214765100671
1.4161073825503356	6.697986577181208
1.3154362416107384	6.395973154362416
1.1812080536912752	5.9865771812080535
0.9395973154362416	7.328859060402684
0.9261744966442953	5.885906040268456
0.912751677852349	5.516778523489933
0.9194630872483222	6.174496644295302
0.8456375838926175	5.3624161073825505
0.7651006711409396	5.12751677852349
1.0939597315436242	4.2885906040268456
1.1073825503355705	4.476510067114094
1.2348993288590604	3.51006711409396
1.1476510067114094	4.771812080536913
1.0738255033557047	4.899328859060403
1.4697986577181208	5.100671140939597
1.0268456375838926	5.12751677852349
2.0	4.845637583892618
