#Cluster165
2.474074074074074	0.5481481481481482
3.0444444444444443	0.6962962962962963
2.7037037037037037	0.6074074074074074
2.651851851851852	0.4444444444444444
2.7925925925925927	0.762962962962963
2.1703703703703705	0.7777777777777778
2.474074074074074	0.6370370370370371
2.911111111111111	1.4370370370370371
2.7777777777777777	0.7407407407407407
2.911111111111111	0.7185185185185186
2.4962962962962965	0.5851851851851851
2.511111111111111	0.5703703703703704
3.1925925925925926	0.562962962962963
2.7925925925925927	1.0518518518518518
3.0296296296296297	0.7111111111111111
3.1925925925925926	0.725925925925926
3.562962962962963	0.4740740740740741
3.3333333333333335	0.674074074074074
3.251851851851852	0.5185185185185185
3.8740740740740742	0.6074074074074074
2.9703703703703703	0.5777777777777777
3.1333333333333333	0.7851851851851852
3.362962962962963	0.725925925925926
3.488888888888889	0.6444444444444445
3.066666666666667	0.5037037037037037
3.4074074074074074	0.8222222222222222
3.4518518518518517	0.6962962962962963
3.437037037037037	0.6370370370370371
3.674074074074074	0.4444444444444444
3.562962962962963	0.6222222222222222
3.585185185185185	0.5925925925925926
3.5407407407407407	0.5777777777777777
3.585185185185185	0.562962962962963
3.562962962962963	0.6666666666666666
3.948148148148148	0.4962962962962963
3.888888888888889	0.7481481481481481
4.57037037037037	0.4666666666666667
4.666666666666667	0.7111111111111111
4.940740740740741	0.6
5.54074074074074	0.7407407407407407
4.948148148148148	0.6518518518518519
4.311111111111111	0.6592592592592592
4.511111111111111	0.5925925925925926
4.303703703703704	0.45185185185185184
4.696296296296296	0.6296296296296297
4.822222222222222	0.6592592592592592
5.4	0.837037037037037
5.185185185185185	0.6962962962962963
5.896296296296296	0.8
6.42962962962963	0.8444444444444444
6.688888888888889	0.837037037037037
8.185185185185185	0.6592592592592592
8.614814814814816	0.6370370370370371
11.525925925925925	0.6666666666666666
14.044444444444444	0.7481481481481481
13.474074074074075	0.7333333333333333
15.385185185185184	0.7185185185185186
25.451851851851853	1.0148148148148148
98.61481481481482	0.8518518518518519
190.98518518518517	1.0222222222222221
96.4888888888889	1.1777777777777778
39.925925925925924	1.0
30.6	1.2740740740740741
26.874074074074073	1.0222222222222221
19.696296296296296	1.1111111111111112
14.22962962962963	1.488888888888889
8.562962962962963	2.0814814814814815
4.555555555555555	2.0592592592592593
2.6814814814814816	3.533333333333333
2.5481481481481483	4.37037037037037
1.0	4.7481481481481485
1.0148148148148148	4.014814814814815
1.1037037037037036	3.6666666666666665
1.0666666666666667	2.637037037037037
1.362962962962963	1.6296296296296295
1.237037037037037	1.037037037037037
1.8296296296296297	1.2814814814814814
2.8740740740740742	1.1037037037037036
3.3333333333333335	1.2074074074074075
4.0	1.0148148148148148
4.533333333333333	1.037037037037037
4.348148148148148	2.214814814814815
4.274074074074074	2.488888888888889
2.5703703703703704	3.5185185185185186
2.3555555555555556	7.955555555555556
1.5703703703703704	14.133333333333333
1.7777777777777777	21.488888888888887
1.1407407407407408	25.02962962962963
1.5555555555555556	30.622222222222224
0.9111111111111111	38.67407407407408
1.1407407407407408	73.81481481481481
1.0740740740740742	128.95555555555555
0.8814814814814815	85.23703703703704
1.0074074074074073	30.48148148148148
0.8074074074074075	16.28148148148148
0.674074074074074	14.318518518518518
0.5777777777777777	15.748148148148148
0.7333333333333333	11.096296296296297
0.5555555555555556	10.192592592592593
0.7777777777777778	8.125925925925927
0.562962962962963	7.792592592592593
0.6518518518518519	6.5851851851851855
0.6370370370370371	5.125925925925926
0.6074074074074074	5.792592592592593
0.4740740740740741	5.177777777777778
0.48148148148148145	5.2444444444444445
0.5703703703703704	4.54074074074074
0.6444444444444445	4.614814814814815
0.5925925925925926	6.111111111111111
0.6888888888888889	5.940740740740741
0.5259259259259259	5.4222222222222225
0.5481481481481482	5.385185185185185
0.6814814814814815	5.118518518518519
0.4888888888888889	4.9185185185185185
0.5185185185185185	4.888888888888889
0.4962962962962963	4.2444444444444445
0.5555555555555556	4.637037037037037
0.5703703703703704	4.940740740740741
0.5037037037037037	3.3925925925925924
0.5703703703703704	4.770370370370371
0.4	3.933333333333333
0.6	4.022222222222222
0.7111111111111111	3.962962962962963
0.5407407407407407	3.5481481481481483
0.4962962962962963	3.8222222222222224
0.5925925925925926	3.785185185185185
0.5333333333333333	3.4962962962962965
0.5777777777777777	3.474074074074074
0.5111111111111111	3.3851851851851853
0.7703703703703704	3.488888888888889
0.8	3.140740740740741
0.5777777777777777	3.533333333333333
0.5703703703703704	3.5481481481481483
0.6962962962962963	3.8740740740740742
0.6666666666666666	3.0148148148148146
0.7185185185185186	2.9407407407407407
0.6666666666666666	2.925925925925926
0.6444444444444445	3.859259259259259
0.5481481481481482	2.7555555555555555
0.6888888888888889	2.977777777777778
0.6074074074074074	3.22962962962963
0.5407407407407407	3.437037037037037
0.6074074074074074	2.859259259259259
0.5555555555555556	2.8296296296296295
0.5851851851851851	2.785185185185185
0.4888888888888889	3.3925925925925924
0.45925925925925926	2.6592592592592594
0.5407407407407407	3.5703703703703704
0.4740740740740741	2.6
0.45925925925925926	2.8666666666666667
0.5851851851851851	2.785185185185185
