#Cluster44
4.111111111111111	0.6481481481481481
4.12962962962963	0.8580246913580247
4.049382716049383	0.6666666666666666
4.882716049382716	0.5987654320987654
4.271604938271605	1.0123456790123457
3.685185185185185	1.0246913580246915
4.666666666666667	0.8827160493827161
5.6419753086419755	0.9814814814814815
4.6419753086419755	0.9629629629629629
4.703703703703703	0.9444444444444444
3.9012345679012346	1.0493827160493827
4.216049382716049	1.0061728395061729
4.5246913580246915	1.1296296296296295
4.179012345679013	1.2530864197530864
4.45679012345679	1.0432098765432098
5.037037037037037	0.9938271604938271
4.895061728395062	0.8333333333333334
4.432098765432099	1.0802469135802468
4.5	0.8580246913580247
4.648148148148148	0.8641975308641975
5.111111111111111	0.691358024691358
5.135802469135802	0.6296296296296297
5.907407407407407	0.7345679012345679
5.067901234567901	0.6790123456790124
4.469135802469136	0.6975308641975309
5.320987654320987	0.6111111111111112
5.253086419753086	0.8333333333333334
4.95679012345679	0.7283950617283951
4.567901234567901	0.7098765432098766
4.709876543209877	0.7901234567901234
5.401234567901234	0.7839506172839507
5.685185185185185	0.9506172839506173
4.827160493827161	0.7901234567901234
5.234567901234568	0.8580246913580247
5.5	0.9382716049382716
4.5246913580246915	0.8333333333333334
5.580246913580247	0.9382716049382716
6.617283950617284	0.8641975308641975
6.493827160493828	0.9938271604938271
5.728395061728395	1.2098765432098766
7.339506172839506	0.8148148148148148
5.679012345679013	0.7654320987654321
6.425925925925926	0.9135802469135802
7.530864197530864	0.7222222222222222
6.91358024691358	1.2222222222222223
6.7407407407407405	0.845679012345679
7.148148148148148	0.7901234567901234
6.067901234567901	0.9012345679012346
7.580246913580247	1.117283950617284
9.061728395061728	0.7592592592592593
8.709876543209877	0.9506172839506173
9.58641975308642	0.8580246913580247
12.5	0.9753086419753086
14.901234567901234	1.5432098765432098
17.839506172839506	1.0061728395061729
16.382716049382715	1.0432098765432098
19.160493827160494	1.123456790123457
36.617283950617285	1.154320987654321
98.96913580246914	1.228395061728395
143.79012345679013	1.2592592592592593
86.55555555555556	1.1975308641975309
45.02469135802469	1.308641975308642
38.41975308641975	1.7530864197530864
32.851851851851855	1.537037037037037
26.04320987654321	1.7592592592592593
18.22222222222222	2.0987654320987654
10.623456790123457	2.623456790123457
4.691358024691358	2.9814814814814814
3.5555555555555554	5.234567901234568
2.685185185185185	5.864197530864198
1.3703703703703705	6.117283950617284
1.537037037037037	5.530864197530864
1.4567901234567902	4.882716049382716
1.345679012345679	3.0617283950617282
1.3148148148148149	2.3703703703703702
1.4382716049382716	1.5617283950617284
1.9691358024691359	1.5617283950617284
3.4074074074074074	1.5308641975308641
4.635802469135802	1.7160493827160495
5.111111111111111	1.3703703703703705
5.561728395061729	1.7037037037037037
5.234567901234568	2.925925925925926
3.95679012345679	3.95679012345679
2.746913580246914	5.814814814814815
2.7222222222222223	12.537037037037036
2.111111111111111	18.537037037037038
1.7098765432098766	24.876543209876544
1.7407407407407407	35.08641975308642
1.5308641975308641	44.401234567901234
1.7777777777777777	62.97530864197531
1.5432098765432098	121.79012345679013
1.4506172839506173	145.65432098765433
1.4320987654320987	66.71604938271605
1.4506172839506173	25.51851851851852
1.5246913580246915	15.512345679012345
1.228395061728395	17.049382716049383
1.0617283950617284	20.635802469135804
0.9691358024691358	14.228395061728396
0.9259259259259259	11.734567901234568
0.8950617283950617	10.203703703703704
1.0802469135802468	8.444444444444445
0.9938271604938271	9.419753086419753
0.7962962962962963	7.37037037037037
1.1358024691358024	6.753086419753086
0.9135802469135802	6.395061728395062
1.0740740740740742	6.709876543209877
0.8703703703703703	6.166666666666667
0.7962962962962963	6.320987654320987
1.1728395061728396	5.512345679012346
0.8703703703703703	6.364197530864198
1.1790123456790123	6.314814814814815
0.9074074074074074	7.864197530864198
0.9259259259259259	5.339506172839506
0.8827160493827161	6.191358024691358
0.8271604938271605	7.0246913580246915
0.6851851851851852	5.537037037037037
0.7222222222222222	5.672839506172839
0.9259259259259259	7.117283950617284
0.8333333333333334	6.055555555555555
0.8703703703703703	5.716049382716049
0.8148148148148148	6.067901234567901
0.7530864197530864	5.37037037037037
0.9506172839506173	5.567901234567901
0.8209876543209876	6.08641975308642
0.9012345679012346	5.166666666666667
0.9506172839506173	5.666666666666667
0.7222222222222222	4.679012345679013
0.7654320987654321	5.030864197530864
0.7098765432098766	4.487654320987654
0.8888888888888888	4.265432098765432
0.8950617283950617	5.234567901234568
0.8580246913580247	4.209876543209877
0.7592592592592593	4.41358024691358
0.8395061728395061	4.006172839506172
0.9197530864197531	4.160493827160494
0.8271604938271605	4.172839506172839
1.0679012345679013	4.765432098765432
1.2160493827160495	4.006172839506172
0.7901234567901234	4.08641975308642
1.0	4.080246913580247
1.0493827160493827	4.944444444444445
0.8395061728395061	5.0
0.7901234567901234	3.493827160493827
0.8950617283950617	3.808641975308642
0.9012345679012346	4.302469135802469
0.7901234567901234	3.5925925925925926
0.7777777777777778	3.8950617283950617
1.0432098765432098	3.3580246913580245
0.9629629629629629	3.6358024691358026
0.8950617283950617	3.765432098765432
1.0123456790123457	3.5185185185185186
