#Cluster15
2.5045045045045047	1.6216216216216217
3.2522522522522523	1.6036036036036037
3.4234234234234235	4.198198198198198
2.5045045045045047	2.4774774774774775
3.4774774774774775	1.0810810810810811
3.099099099099099	1.4774774774774775
2.855855855855856	1.2072072072072073
3.720720720720721	1.072072072072072
3.4324324324324325	1.6666666666666667
2.765765765765766	1.2252252252252251
4.1891891891891895	0.8018018018018018
3.891891891891892	1.2702702702702702
3.810810810810811	1.2522522522522523
4.081081081081081	0.8198198198198198
4.252252252252252	1.1981981981981982
3.369369369369369	1.4414414414414414
3.7477477477477477	0.8828828828828829
3.4324324324324325	1.4864864864864864
4.63963963963964	0.9099099099099099
3.0	1.864864864864865
4.702702702702703	1.3873873873873874
3.234234234234234	1.0810810810810811
4.36936936936937	2.1171171171171173
2.954954954954955	2.324324324324324
3.09009009009009	1.1531531531531531
4.54954954954955	1.9189189189189189
3.1621621621621623	2.3783783783783785
3.2972972972972974	1.3603603603603605
4.162162162162162	1.3693693693693694
4.396396396396397	1.3693693693693694
3.5675675675675675	1.7297297297297298
3.6126126126126126	1.6216216216216217
3.675675675675676	1.1801801801801801
4.2342342342342345	1.072072072072072
5.594594594594595	1.2432432432432432
5.513513513513513	1.7657657657657657
4.1891891891891895	1.7297297297297298
5.306306306306307	0.9819819819819819
5.5225225225225225	0.8558558558558559
5.702702702702703	1.5585585585585586
5.216216216216216	1.3963963963963963
9.0990990990991	1.162162162162162
7.711711711711712	1.063063063063063
7.63963963963964	0.8828828828828829
6.8108108108108105	1.045045045045045
7.5675675675675675	3.2162162162162162
7.702702702702703	1.0360360360360361
8.657657657657658	1.2612612612612613
8.783783783783784	1.2612612612612613
9.18018018018018	0.8198198198198198
7.648648648648648	0.8288288288288288
8.405405405405405	0.7297297297297297
6.315315315315315	0.918918918918919
7.207207207207207	1.1711711711711712
8.99099099099099	1.4504504504504505
7.441441441441442	1.6756756756756757
8.17117117117117	1.7747747747747749
11.585585585585585	2.4504504504504503
13.396396396396396	2.4594594594594597
16.72072072072072	1.7657657657657657
22.2972972972973	2.0
18.98198198198198	1.864864864864865
17.882882882882882	2.2972972972972974
12.45045045045045	2.5315315315315314
8.63963963963964	2.6396396396396398
13.036036036036036	3.27027027027027
18.18018018018018	2.7027027027027026
18.27027027027027	2.954954954954955
10.36036036036036	5.1891891891891895
10.288288288288289	3.3963963963963963
8.513513513513514	3.981981981981982
7.243243243243243	3.5585585585585586
5.315315315315315	2.936936936936937
5.504504504504505	3.1981981981981984
5.081081081081081	3.828828828828829
5.882882882882883	3.4054054054054053
7.900900900900901	3.045045045045045
4.351351351351352	3.8018018018018016
6.504504504504505	3.009009009009009
5.846846846846847	3.2522522522522523
7.135135135135135	4.072072072072072
6.5225225225225225	6.513513513513513
8.693693693693694	3.5045045045045047
7.945945945945946	3.189189189189189
6.63963963963964	4.1441441441441444
14.26126126126126	3.963963963963964
11.26126126126126	4.81981981981982
11.315315315315315	5.981981981981982
13.108108108108109	6.585585585585585
11.36936936936937	11.72072072072072
8.00900900900901	17.126126126126128
6.882882882882883	16.46846846846847
7.081081081081081	15.90990990990991
4.558558558558558	19.306306306306308
5.081081081081081	17.9009009009009
2.8378378378378377	21.82882882882883
2.5225225225225225	31.207207207207208
1.5945945945945945	40.27927927927928
2.2162162162162162	30.07207207207207
1.6666666666666667	26.91891891891892
1.2162162162162162	20.234234234234233
0.5495495495495496	17.774774774774773
1.5675675675675675	9.747747747747749
0.7297297297297297	9.504504504504505
1.2162162162162162	5.738738738738738
1.018018018018018	8.504504504504505
0.6216216216216216	7.081081081081081
0.6216216216216216	6.315315315315315
0.5585585585585585	7.414414414414415
0.6036036036036037	5.747747747747748
0.42342342342342343	7.342342342342342
0.36036036036036034	6.207207207207207
0.2882882882882883	6.405405405405405
0.36036036036036034	7.198198198198198
0.45045045045045046	7.261261261261262
0.5045045045045045	7.612612612612613
0.32432432432432434	9.396396396396396
0.36036036036036034	8.91891891891892
0.3963963963963964	10.603603603603604
0.3333333333333333	8.963963963963964
0.2972972972972973	8.477477477477477
0.23423423423423423	7.027027027027027
0.22522522522522523	7.378378378378378
0.5135135135135135	5.702702702702703
0.4864864864864865	5.891891891891892
0.2972972972972973	7.774774774774775
0.14414414414414414	5.468468468468468
0.16216216216216217	8.64864864864865
0.22522522522522523	4.684684684684685
0.27927927927927926	4.7657657657657655
0.16216216216216217	4.387387387387387
0.13513513513513514	4.594594594594595
0.04504504504504504	5.018018018018018
0.3333333333333333	4.5675675675675675
0.3333333333333333	4.7207207207207205
0.26126126126126126	3.6036036036036037
0.10810810810810811	2.918918918918919
0.1891891891891892	4.153153153153153
0.17117117117117117	5.351351351351352
0.27927927927927926	3.4414414414414414
0.26126126126126126	3.081081081081081
0.18018018018018017	4.126126126126126
0.0990990990990991	4.288288288288288
0.14414414414414414	3.1621621621621623
0.17117117117117117	2.7837837837837838
0.1891891891891892	2.5405405405405403
0.2072072072072072	2.90990990990991
0.2072072072072072	2.4054054054054053
0.12612612612612611	4.099099099099099
0.1891891891891892	4.09009009009009
0.2072072072072072	3.8018018018018016
