#Cluster5
1.3478260869565217	0.30434782608695654
1.2608695652173914	0.08695652173913043
1.7826086956521738	0.21739130434782608
2.1739130434782608	0.08695652173913043
2.3043478260869565	0.043478260869565216
1.6521739130434783	0.21739130434782608
2.5217391304347827	0.13043478260869565
8.08695652173913	0.0
2.9130434782608696	0.08695652173913043
2.6956521739130435	0.043478260869565216
2.347826086956522	0.13043478260869565
4.956521739130435	0.13043478260869565
2.1739130434782608	0.13043478260869565
3.8260869565217392	0.21739130434782608
2.0434782608695654	0.2608695652173913
2.6956521739130435	0.043478260869565216
3.9130434782608696	0.08695652173913043
2.5217391304347827	0.17391304347826086
2.608695652173913	0.13043478260869565
1.8695652173913044	0.43478260869565216
3.130434782608696	0.34782608695652173
1.6521739130434783	0.30434782608695654
2.0	0.21739130434782608
2.0434782608695654	0.13043478260869565
2.0434782608695654	0.043478260869565216
2.8260869565217392	0.043478260869565216
2.782608695652174	0.043478260869565216
2.4347826086956523	0.13043478260869565
2.739130434782609	0.34782608695652173
5.086956521739131	0.13043478260869565
13.565217391304348	0.2608695652173913
10.652173913043478	0.13043478260869565
8.782608695652174	0.17391304347826086
12.91304347826087	0.391304347826087
9.130434782608695	0.21739130434782608
16.17391304347826	0.43478260869565216
9.782608695652174	0.4782608695652174
4.478260869565218	0.17391304347826086
8.304347826086957	0.8695652173913043
4.173913043478261	0.4782608695652174
3.869565217391304	0.6086956521739131
2.4347826086956523	0.9565217391304348
2.0434782608695654	0.5217391304347826
1.9130434782608696	0.30434782608695654
1.6956521739130435	0.30434782608695654
3.130434782608696	0.17391304347826086
2.8260869565217392	0.6521739130434783
3.5652173913043477	0.6956521739130435
3.391304347826087	0.6086956521739131
5.391304347826087	0.17391304347826086
7.217391304347826	0.6086956521739131
7.217391304347826	0.5217391304347826
16.91304347826087	0.30434782608695654
11.043478260869565	0.9130434782608695
16.47826086956522	0.4782608695652174
12.0	0.9565217391304348
8.91304347826087	0.782608695652174
11.608695652173912	0.6086956521739131
16.391304347826086	0.9565217391304348
18.347826086956523	0.6086956521739131
18.17391304347826	1.2173913043478262
37.73913043478261	0.7391304347826086
27.82608695652174	1.2608695652173914
22.73913043478261	2.0869565217391304
18.73913043478261	2.5217391304347827
19.391304347826086	2.5217391304347827
17.47826086956522	3.347826086956522
22.08695652173913	5.086956521739131
19.26086956521739	5.3478260869565215
35.82608695652174	3.8260869565217392
23.73913043478261	4.956521739130435
37.78260869565217	5.0
15.434782608695652	8.217391304347826
8.608695652173912	11.130434782608695
6.608695652173913	7.130434782608695
5.956521739130435	13.043478260869565
4.956521739130435	13.391304347826088
3.347826086956522	11.130434782608695
9.73913043478261	14.391304347826088
3.0434782608695654	10.521739130434783
4.913043478260869	13.956521739130435
3.5217391304347827	9.521739130434783
1.608695652173913	7.869565217391305
1.4782608695652173	8.652173913043478
1.0869565217391304	6.695652173913044
2.1739130434782608	6.130434782608695
3.608695652173913	5.565217391304348
1.9130434782608696	5.782608695652174
1.6956521739130435	3.782608695652174
0.9565217391304348	10.695652173913043
1.391304347826087	12.695652173913043
0.6521739130434783	10.0
1.6521739130434783	7.826086956521739
0.7391304347826086	8.91304347826087
0.6956521739130435	8.26086956521739
0.5652173913043478	12.608695652173912
0.43478260869565216	9.521739130434783
1.0434782608695652	12.782608695652174
0.7391304347826086	17.956521739130434
0.43478260869565216	15.434782608695652
0.21739130434782608	15.956521739130435
0.391304347826087	20.782608695652176
0.08695652173913043	16.565217391304348
0.4782608695652174	12.608695652173912
0.2608695652173913	7.086956521739131
0.7391304347826086	7.173913043478261
0.0	7.086956521739131
0.13043478260869565	4.826086956521739
0.43478260869565216	6.391304347826087
0.17391304347826086	5.869565217391305
0.30434782608695654	5.0
0.30434782608695654	4.478260869565218
0.2608695652173913	3.4782608695652173
0.13043478260869565	3.869565217391304
0.30434782608695654	2.8260869565217392
0.21739130434782608	3.130434782608696
0.21739130434782608	4.695652173913044
0.21739130434782608	2.0434782608695654
0.2608695652173913	2.739130434782609
0.2608695652173913	1.9565217391304348
0.08695652173913043	2.5652173913043477
0.17391304347826086	1.7391304347826086
0.43478260869565216	2.0434782608695654
0.17391304347826086	2.3043478260869565
0.17391304347826086	1.4782608695652173
0.13043478260869565	1.8695652173913044
0.30434782608695654	2.5652173913043477
0.17391304347826086	1.9565217391304348
0.391304347826087	2.130434782608696
0.043478260869565216	3.608695652173913
0.2608695652173913	2.4782608695652173
0.08695652173913043	2.4347826086956523
0.17391304347826086	1.8695652173913044
0.34782608695652173	2.782608695652174
0.2608695652173913	1.391304347826087
0.0	1.0434782608695652
0.13043478260869565	1.8695652173913044
0.08695652173913043	2.3043478260869565
0.21739130434782608	1.8695652173913044
0.08695652173913043	2.4782608695652173
0.2608695652173913	2.652173913043478
0.13043478260869565	2.391304347826087
0.17391304347826086	2.0869565217391304
0.2608695652173913	1.2608695652173914
0.043478260869565216	1.608695652173913
0.0	2.217391304347826
0.13043478260869565	2.217391304347826
0.17391304347826086	2.391304347826087
0.08695652173913043	1.3043478260869565
0.08695652173913043	2.130434782608696
0.13043478260869565	1.608695652173913
