#Cluster20
0.7222222222222222	0.1111111111111111
1.1111111111111112	0.2222222222222222
1.0555555555555556	0.1111111111111111
1.5555555555555556	0.1111111111111111
0.9444444444444444	0.3333333333333333
0.8333333333333334	0.1111111111111111
1.1666666666666667	0.05555555555555555
1.2777777777777777	0.2222222222222222
1.5	0.2222222222222222
1.0555555555555556	0.1111111111111111
0.6111111111111112	0.05555555555555555
0.8333333333333334	0.2222222222222222
1.5555555555555556	0.05555555555555555
0.8888888888888888	0.05555555555555555
0.7777777777777778	0.2222222222222222
0.6111111111111112	0.4444444444444444
0.5	0.2222222222222222
1.2222222222222223	0.05555555555555555
1.0555555555555556	0.2777777777777778
0.8333333333333334	0.2222222222222222
0.6666666666666666	0.16666666666666666
0.8888888888888888	0.3333333333333333
1.0555555555555556	0.2777777777777778
0.5555555555555556	0.1111111111111111
1.2777777777777777	0.3888888888888889
1.3333333333333333	0.1111111111111111
0.4444444444444444	0.05555555555555555
0.9444444444444444	0.2777777777777778
1.6111111111111112	0.1111111111111111
1.8888888888888888	0.16666666666666666
3.2222222222222223	0.1111111111111111
2.5	0.05555555555555555
2.2222222222222223	0.3888888888888889
1.8333333333333333	0.3333333333333333
1.9444444444444444	0.2222222222222222
2.388888888888889	0.16666666666666666
2.388888888888889	0.2777777777777778
3.6666666666666665	0.2222222222222222
4.055555555555555	0.2222222222222222
6.888888888888889	0.2222222222222222
7.277777777777778	0.3888888888888889
6.166666666666667	0.16666666666666666
6.833333333333333	0.3888888888888889
5.388888888888889	0.2222222222222222
5.277777777777778	0.2222222222222222
5.388888888888889	0.2777777777777778
6.666666666666667	0.2777777777777778
6.166666666666667	0.2777777777777778
4.277777777777778	0.6666666666666666
4.388888888888889	0.6666666666666666
4.388888888888889	0.5555555555555556
4.611111111111111	0.4444444444444444
4.0	1.7777777777777777
2.5555555555555554	1.0
3.0	1.3888888888888888
1.7777777777777777	1.2777777777777777
2.0555555555555554	0.8333333333333334
2.9444444444444446	0.7777777777777778
2.7222222222222223	1.2777777777777777
2.888888888888889	0.6111111111111112
2.111111111111111	0.7777777777777778
3.8333333333333335	1.2222222222222223
4.5	1.1666666666666667
2.5555555555555554	1.8333333333333333
6.166666666666667	1.6111111111111112
4.055555555555555	1.3333333333333333
4.222222222222222	1.6666666666666667
3.611111111111111	3.5555555555555554
3.0555555555555554	3.388888888888889
3.2222222222222223	5.333333333333333
1.7777777777777777	4.444444444444445
2.611111111111111	3.0
3.388888888888889	6.833333333333333
2.8333333333333335	5.5
2.9444444444444446	4.222222222222222
1.7222222222222223	3.6666666666666665
2.6666666666666665	5.0
2.0555555555555554	4.222222222222222
1.2222222222222223	5.666666666666667
1.1111111111111112	6.111111111111111
0.5	6.777777777777778
0.3333333333333333	7.555555555555555
0.05555555555555555	6.555555555555555
0.6111111111111112	6.777777777777778
0.3333333333333333	7.333333333333333
0.5	5.888888888888889
0.2222222222222222	2.9444444444444446
0.2222222222222222	4.5
0.7222222222222222	4.888888888888889
0.4444444444444444	7.722222222222222
0.4444444444444444	7.333333333333333
0.3888888888888889	4.833333333333333
0.16666666666666666	3.0555555555555554
0.2222222222222222	2.4444444444444446
0.4444444444444444	1.7222222222222223
0.3888888888888889	2.7222222222222223
0.2777777777777778	1.3333333333333333
0.1111111111111111	1.0555555555555556
0.6111111111111112	1.5
0.5555555555555556	2.0
0.5555555555555556	1.6666666666666667
0.6666666666666666	1.5555555555555556
0.4444444444444444	1.6111111111111112
0.2222222222222222	2.388888888888889
0.5	2.7777777777777777
0.3333333333333333	3.2222222222222223
0.3888888888888889	4.777777777777778
0.05555555555555555	3.0
0.3888888888888889	5.888888888888889
0.2777777777777778	21.72222222222222
0.1111111111111111	5.888888888888889
0.3888888888888889	4.722222222222222
0.2222222222222222	1.5555555555555556
0.16666666666666666	0.5555555555555556
0.16666666666666666	1.3333333333333333
0.05555555555555555	2.111111111111111
0.1111111111111111	1.2777777777777777
0.0	2.1666666666666665
0.2222222222222222	1.3888888888888888
0.1111111111111111	1.0555555555555556
0.1111111111111111	1.8888888888888888
0.05555555555555555	2.1666666666666665
0.2777777777777778	3.611111111111111
0.2222222222222222	1.3333333333333333
0.0	3.8333333333333335
0.16666666666666666	3.0
0.1111111111111111	2.0555555555555554
0.16666666666666666	0.5
0.2222222222222222	1.0555555555555556
0.0	0.7777777777777778
0.3333333333333333	1.2222222222222223
0.1111111111111111	1.2222222222222223
0.1111111111111111	1.3333333333333333
0.05555555555555555	0.6111111111111112
0.16666666666666666	0.9444444444444444
0.16666666666666666	1.1111111111111112
0.16666666666666666	1.8333333333333333
0.2222222222222222	0.6666666666666666
0.1111111111111111	0.8333333333333334
0.05555555555555555	1.0555555555555556
0.0	0.4444444444444444
0.0	1.0
0.1111111111111111	0.7222222222222222
0.2222222222222222	1.0
0.16666666666666666	1.0555555555555556
0.1111111111111111	0.5555555555555556
0.0	0.7222222222222222
0.1111111111111111	0.7222222222222222
0.2222222222222222	0.7777777777777778
0.1111111111111111	0.7777777777777778
0.1111111111111111	0.6666666666666666
