#Cluster16
2.967741935483871	0.6774193548387096
1.6451612903225807	0.3548387096774194
2.4193548387096775	1.1612903225806452
3.6129032258064515	1.4193548387096775
1.8387096774193548	1.2258064516129032
3.225806451612903	0.4838709677419355
2.6451612903225805	0.9032258064516129
3.903225806451613	0.6451612903225806
2.774193548387097	1.1290322580645162
4.0	1.2258064516129032
2.5161290322580645	0.41935483870967744
4.032258064516129	1.032258064516129
3.5806451612903225	0.45161290322580644
3.5161290322580645	0.9354838709677419
2.5806451612903225	0.6774193548387096
3.5161290322580645	1.5161290322580645
2.774193548387097	0.6774193548387096
4.709677419354839	1.3225806451612903
3.774193548387097	0.967741935483871
3.6774193548387095	1.935483870967742
2.4516129032258065	1.0
3.870967741935484	1.6774193548387097
3.161290322580645	1.2903225806451613
3.870967741935484	2.225806451612903
4.225806451612903	0.8709677419354839
4.225806451612903	1.2903225806451613
4.612903225806452	1.3225806451612903
5.129032258064516	1.096774193548387
8.225806451612904	0.5161290322580645
11.935483870967742	0.8064516129032258
28.096774193548388	0.7419354838709677
17.870967741935484	0.5806451612903226
16.741935483870968	0.25806451612903225
11.709677419354838	1.2580645161290323
8.258064516129032	0.9032258064516129
16.64516129032258	0.9032258064516129
8.806451612903226	0.8387096774193549
5.870967741935484	1.6774193548387097
5.419354838709677	1.5161290322580645
4.225806451612903	2.096774193548387
2.774193548387097	1.7419354838709677
3.6129032258064515	1.0
3.7096774193548385	0.41935483870967744
3.3548387096774195	0.41935483870967744
2.7096774193548385	0.5161290322580645
3.5806451612903225	0.5483870967741935
3.903225806451613	0.7096774193548387
5.032258064516129	0.7419354838709677
6.32258064516129	0.9354838709677419
11.258064516129032	0.5806451612903226
6.903225806451613	1.2580645161290323
11.290322580645162	0.8387096774193549
8.0	0.7741935483870968
9.806451612903226	1.3225806451612903
6.096774193548387	0.7741935483870968
11.483870967741936	0.3548387096774194
12.516129032258064	0.41935483870967744
15.64516129032258	0.9032258064516129
16.774193548387096	0.7096774193548387
26.483870967741936	1.2580645161290323
26.258064516129032	1.4193548387096775
21.806451612903224	1.8064516129032258
19.258064516129032	3.064516129032258
12.96774193548387	3.6129032258064515
11.870967741935484	5.935483870967742
13.096774193548388	6.774193548387097
10.0	7.32258064516129
25.06451612903226	4.354838709677419
19.258064516129032	6.032258064516129
13.96774193548387	5.193548387096774
13.64516129032258	7.516129032258065
12.67741935483871	8.774193548387096
10.903225806451612	11.064516129032258
8.35483870967742	12.838709677419354
7.258064516129032	9.774193548387096
4.548387096774194	7.774193548387097
4.387096774193548	12.741935483870968
3.6451612903225805	12.32258064516129
4.419354838709677	13.774193548387096
2.7096774193548385	9.870967741935484
3.4838709677419355	7.967741935483871
3.0	7.580645161290323
2.774193548387097	8.387096774193548
2.4838709677419355	10.387096774193548
3.0	11.03225806451613
2.4838709677419355	8.612903225806452
2.096774193548387	6.483870967741935
1.8064516129032258	5.709677419354839
2.032258064516129	7.806451612903226
1.7741935483870968	11.290322580645162
1.096774193548387	10.161290322580646
1.6774193548387097	15.483870967741936
1.4516129032258065	13.35483870967742
0.7741935483870968	18.0
0.6129032258064516	16.29032258064516
0.8387096774193549	22.419354838709676
0.5806451612903226	21.580645161290324
0.3870967741935484	31.0
0.6129032258064516	32.225806451612904
0.6774193548387096	36.87096774193548
0.7419354838709677	21.35483870967742
0.7096774193548387	20.903225806451612
0.45161290322580644	13.03225806451613
0.6129032258064516	9.806451612903226
1.1290322580645162	9.225806451612904
1.1935483870967742	6.258064516129032
1.096774193548387	5.612903225806452
0.8709677419354839	8.258064516129032
1.3225806451612903	5.903225806451613
1.3548387096774193	5.516129032258065
1.4838709677419355	5.064516129032258
0.2903225806451613	3.7419354838709675
0.3548387096774194	4.903225806451613
0.5806451612903226	4.806451612903226
0.6129032258064516	2.806451612903226
0.6774193548387096	3.774193548387097
0.4838709677419355	2.032258064516129
0.45161290322580644	4.129032258064516
0.8709677419354839	3.2903225806451615
0.45161290322580644	3.129032258064516
0.5806451612903226	4.516129032258065
0.5806451612903226	3.7096774193548385
0.45161290322580644	3.4838709677419355
0.5483870967741935	2.6774193548387095
0.25806451612903225	3.7096774193548385
0.3225806451612903	2.935483870967742
1.0	3.2903225806451615
0.7096774193548387	2.935483870967742
0.4838709677419355	3.7096774193548385
0.5483870967741935	2.2580645161290325
0.2903225806451613	2.7419354838709675
0.9354838709677419	3.3225806451612905
0.8709677419354839	2.4193548387096775
1.7419354838709677	2.838709677419355
1.1935483870967742	2.870967741935484
1.4193548387096775	3.5806451612903225
0.6129032258064516	2.5483870967741935
0.5161290322580645	3.3870967741935485
2.225806451612903	1.7741935483870968
0.7096774193548387	2.967741935483871
0.6774193548387096	1.935483870967742
1.0	2.4516129032258065
1.7741935483870968	2.6129032258064515
0.7419354838709677	2.193548387096774
0.8064516129032258	2.096774193548387
0.9354838709677419	3.225806451612903
1.3548387096774193	3.2580645161290325
0.3548387096774194	3.774193548387097
0.6774193548387096	2.4838709677419355
0.5806451612903226	2.806451612903226
0.5161290322580645	3.6774193548387095
