#Cluster114
1.4478260869565218	2.1695652173913045
1.9565217391304348	1.173913043478261
2.1782608695652175	2.378260869565217
1.3608695652173912	1.517391304347826
1.5956521739130434	1.4739130434782608
1.6	1.9217391304347826
1.2478260869565216	1.2695652173913043
1.7130434782608697	1.5304347826086957
2.108695652173913	1.6043478260869566
1.7521739130434784	1.1217391304347826
1.5869565217391304	1.117391304347826
1.7739130434782608	1.2304347826086957
1.7	1.5130434782608695
2.1956521739130435	1.117391304347826
1.9391304347826086	2.082608695652174
2.1695652173913045	1.208695652173913
2.9695652173913043	1.2956521739130435
1.7782608695652173	1.3869565217391304
2.0391304347826087	1.0347826086956522
1.8695652173913044	1.1434782608695653
2.3260869565217392	0.8173913043478261
1.673913043478261	1.191304347826087
2.621739130434783	0.9739130434782609
2.0043478260869567	1.3434782608695652
2.1956521739130435	1.2173913043478262
2.108695652173913	2.360869565217391
5.091304347826087	0.7521739130434782
2.0782608695652174	1.4652173913043478
2.252173913043478	1.2478260869565216
2.026086956521739	1.1391304347826088
2.260869565217391	1.1565217391304348
2.239130434782609	1.5608695652173914
2.8347826086956522	1.3608695652173912
2.9782608695652173	1.182608695652174
3.865217391304348	1.4695652173913043
3.1608695652173915	1.2260869565217392
4.047826086956522	1.873913043478261
3.639130434782609	1.6304347826086956
3.6478260869565218	2.282608695652174
3.8869565217391306	0.9304347826086956
3.6	1.5043478260869565
3.708695652173913	1.017391304347826
4.226086956521739	1.1478260869565218
5.821739130434783	0.9869565217391304
5.4	1.7347826086956522
6.21304347826087	1.208695652173913
8.2	1.5695652173913044
14.639130434782608	0.6217391304347826
22.56086956521739	0.8826086956521739
17.191304347826087	0.8608695652173913
17.121739130434783	0.7260869565217392
11.804347826086957	0.9521739130434783
11.8	0.6956521739130435
9.9	0.7565217391304347
10.38695652173913	0.8478260869565217
8.81304347826087	0.8739130434782608
6.682608695652174	1.3304347826086957
6.643478260869565	0.9260869565217391
6.160869565217391	1.2652173913043478
5.51304347826087	0.8782608695652174
5.373913043478261	1.2956521739130435
4.491304347826087	1.1304347826086956
3.865217391304348	1.2782608695652173
4.065217391304348	1.373913043478261
4.760869565217392	1.2043478260869565
4.8304347826086955	1.4565217391304348
5.130434782608695	1.1608695652173913
4.656521739130435	1.7608695652173914
4.752173913043478	1.5391304347826087
3.9695652173913043	2.1652173913043478
4.439130434782609	1.8565217391304347
4.965217391304348	2.5217391304347827
5.8652173913043475	1.8521739130434782
7.543478260869565	2.0478260869565217
8.482608695652173	1.6347826086956523
9.330434782608696	1.6304347826086956
13.047826086956523	2.856521739130435
18.152173913043477	2.465217391304348
18.130434782608695	2.617391304347826
17.252173913043478	3.9434782608695653
14.565217391304348	3.8260869565217392
16.608695652173914	5.221739130434782
15.756521739130434	4.843478260869565
17.16521739130435	5.360869565217391
16.769565217391303	5.895652173913043
14.8	8.982608695652173
12.23913043478261	12.495652173913044
11.082608695652175	12.804347826086957
9.0	13.182608695652174
7.947826086956522	15.143478260869566
5.291304347826087	16.14782608695652
4.952173913043478	14.7
4.01304347826087	16.882608695652173
2.4043478260869566	14.126086956521739
3.3869565217391306	14.634782608695652
1.7347826086956522	14.1
1.8347826086956522	11.21304347826087
2.4608695652173913	11.513043478260869
2.091304347826087	9.373913043478261
2.121739130434783	9.991304347826087
1.7347826086956522	8.939130434782609
1.4695652173913043	6.965217391304348
1.8043478260869565	6.517391304347826
1.8	7.978260869565218
1.3956521739130434	6.378260869565217
0.8782608695652174	8.956521739130435
1.4217391304347826	7.8652173913043475
1.0956521739130434	11.965217391304348
0.691304347826087	15.069565217391304
0.8173913043478261	18.143478260869564
0.5782608695652174	20.843478260869563
0.6956521739130435	18.930434782608696
0.6956521739130435	17.943478260869565
0.6260869565217392	18.973913043478262
0.45652173913043476	18.221739130434784
0.4043478260869565	21.6
0.45217391304347826	15.904347826086957
0.4391304347826087	12.273913043478261
0.4608695652173913	12.747826086956522
0.3782608695652174	7.569565217391304
0.591304347826087	6.6695652173913045
0.34347826086956523	4.960869565217391
0.4043478260869565	5.265217391304348
0.4	4.6695652173913045
0.3130434782608696	3.282608695652174
0.5130434782608696	5.495652173913044
0.44782608695652176	3.5869565217391304
0.43043478260869567	2.869565217391304
0.25217391304347825	3.782608695652174
0.3782608695652174	2.9608695652173913
0.32608695652173914	3.082608695652174
0.28695652173913044	2.3521739130434782
0.3652173913043478	2.252173913043478
0.39565217391304347	3.417391304347826
0.3695652173913043	2.5217391304347827
0.4652173913043478	2.6478260869565218
0.30869565217391304	2.5608695652173914
0.29130434782608694	2.239130434782609
0.2826086956521739	2.3521739130434782
0.6739130434782609	2.3434782608695652
0.2565217391304348	2.4347826086956523
0.41304347826086957	2.3
0.2217391304347826	2.4608695652173913
0.3826086956521739	2.760869565217391
0.4217391304347826	2.3086956521739133
0.44782608695652176	2.117391304347826
0.26521739130434785	2.4782608695652173
0.3173913043478261	2.3
0.2826086956521739	3.3043478260869565
0.29130434782608694	2.1869565217391305
0.2782608695652174	2.130434782608696
