#Cluster4
23.214285714285715	1.0
14.285714285714286	1.2857142857142858
28.785714285714285	1.2857142857142858
52.5	2.0
105.07142857142857	2.9285714285714284
85.92857142857143	4.714285714285714
71.64285714285714	2.857142857142857
55.857142857142854	2.9285714285714284
51.857142857142854	1.5
51.785714285714285	2.857142857142857
58.92857142857143	1.8571428571428572
41.0	2.357142857142857
16.642857142857142	7.642857142857143
14.642857142857142	7.0
13.642857142857142	6.142857142857143
8.5	3.5
6.714285714285714	4.0
5.642857142857143	3.857142857142857
4.714285714285714	2.857142857142857
4.642857142857143	3.0714285714285716
3.9285714285714284	2.2142857142857144
4.071428571428571	2.642857142857143
7.285714285714286	3.357142857142857
7.714285714285714	3.357142857142857
7.214285714285714	3.0
7.714285714285714	1.5
8.071428571428571	2.142857142857143
9.285714285714286	3.7857142857142856
7.5	3.4285714285714284
6.857142857142857	4.928571428571429
6.642857142857143	9.857142857142858
6.428571428571429	13.5
7.214285714285714	15.928571428571429
6.785714285714286	21.142857142857142
6.357142857142857	30.357142857142858
9.142857142857142	46.214285714285715
6.642857142857143	73.07142857142857
8.214285714285714	46.0
6.785714285714286	22.214285714285715
7.428571428571429	18.928571428571427
8.357142857142858	25.428571428571427
5.071428571428571	29.5
5.071428571428571	21.642857142857142
6.071428571428571	10.785714285714286
4.857142857142857	9.357142857142858
6.5	7.571428571428571
6.428571428571429	10.5
5.857142857142857	8.285714285714286
6.142857142857143	7.428571428571429
5.5	7.714285714285714
6.642857142857143	6.642857142857143
6.071428571428571	5.357142857142857
8.928571428571429	4.785714285714286
8.285714285714286	4.928571428571429
13.642857142857142	5.071428571428571
12.428571428571429	9.0
16.642857142857142	6.785714285714286
23.5	7.357142857142857
61.57142857142857	5.285714285714286
101.0	5.214285714285714
59.142857142857146	7.071428571428571
37.785714285714285	4.5
23.785714285714285	6.357142857142857
19.714285714285715	7.071428571428571
15.0	6.428571428571429
11.428571428571429	6.642857142857143
6.928571428571429	8.642857142857142
3.7142857142857144	7.571428571428571
2.857142857142857	10.571428571428571
2.142857142857143	10.428571428571429
0.7142857142857143	9.714285714285714
1.4285714285714286	10.142857142857142
1.0	7.571428571428571
1.6428571428571428	6.214285714285714
1.2857142857142858	5.142857142857143
0.9285714285714286	4.285714285714286
2.7142857142857144	3.5
3.2857142857142856	4.785714285714286
3.642857142857143	3.857142857142857
3.5714285714285716	3.4285714285714284
4.0	3.2142857142857144
3.0	4.785714285714286
3.0714285714285716	9.071428571428571
2.0	9.857142857142858
1.4285714285714286	21.5
1.7142857142857142	38.214285714285715
2.2857142857142856	34.5
1.7142857142857142	50.0
3.0714285714285716	57.285714285714285
2.0714285714285716	82.64285714285714
3.9285714285714284	131.5
3.2857142857142856	158.21428571428572
1.2857142857142858	60.57142857142857
2.0	32.42857142857143
1.1428571428571428	15.928571428571429
1.2142857142857142	22.857142857142858
2.642857142857143	18.642857142857142
1.8571428571428572	14.071428571428571
1.0	14.928571428571429
3.142857142857143	12.642857142857142
2.857142857142857	17.642857142857142
2.2857142857142856	10.928571428571429
1.3571428571428572	9.785714285714286
1.9285714285714286	8.0
1.0714285714285714	9.285714285714286
1.0	6.214285714285714
1.3571428571428572	7.357142857142857
1.1428571428571428	6.285714285714286
1.2142857142857142	11.571428571428571
1.0714285714285714	7.428571428571429
0.7142857142857143	21.928571428571427
0.9285714285714286	15.571428571428571
0.9285714285714286	10.214285714285714
0.5	7.714285714285714
1.1428571428571428	6.428571428571429
1.0	9.428571428571429
0.6428571428571429	11.071428571428571
0.5714285714285714	11.214285714285714
0.42857142857142855	6.285714285714286
0.42857142857142855	11.642857142857142
0.7142857142857143	8.142857142857142
0.8571428571428571	10.857142857142858
0.2857142857142857	10.642857142857142
0.6428571428571429	14.571428571428571
0.7142857142857143	7.714285714285714
1.0714285714285714	5.785714285714286
0.5	10.142857142857142
0.5714285714285714	6.714285714285714
0.9285714285714286	6.428571428571429
5.0	9.285714285714286
1.3571428571428572	8.357142857142858
0.2857142857142857	10.642857142857142
0.7142857142857143	10.642857142857142
0.5	7.785714285714286
1.2142857142857142	7.857142857142857
1.0	6.071428571428571
0.7857142857142857	4.785714285714286
0.7857142857142857	5.142857142857143
0.7142857142857143	9.214285714285714
0.7857142857142857	6.714285714285714
0.8571428571428571	6.928571428571429
0.14285714285714285	7.5
0.42857142857142855	7.428571428571429
0.5	4.071428571428571
0.2857142857142857	4.285714285714286
0.5	5.214285714285714
0.5	3.5714285714285716
0.8571428571428571	5.642857142857143
0.21428571428571427	5.0
0.7142857142857143	3.7857142857142856
1.0714285714285714	4.714285714285714
