#Cluster61
1.6441717791411044	0.3496932515337423
1.8466257668711656	0.49693251533742333
1.687116564417178	0.3803680981595092
2.233128834355828	0.4601226993865031
2.01840490797546	0.4662576687116564
1.7730061349693251	0.6196319018404908
1.7607361963190185	0.49693251533742333
1.6625766871165644	0.4785276073619632
1.9570552147239264	0.44171779141104295
1.7852760736196318	0.4049079754601227
1.6257668711656441	0.4785276073619632
1.7975460122699387	0.558282208588957
1.6809815950920246	0.558282208588957
1.8282208588957056	0.5521472392638037
1.7361963190184049	0.5030674846625767
2.061349693251534	0.44171779141104295
2.6503067484662575	0.6380368098159509
2.5276073619631902	0.6196319018404908
2.521472392638037	0.4723926380368098
2.3987730061349692	0.37423312883435583
1.9570552147239264	0.3558282208588957
2.276073619631902	0.4110429447852761
2.5644171779141103	0.3374233128834356
2.3803680981595092	0.39263803680981596
2.1779141104294477	0.3374233128834356
2.2576687116564416	0.3558282208588957
2.196319018404908	0.37423312883435583
2.042944785276074	0.3803680981595092
2.411042944785276	0.3987730061349693
2.085889570552147	0.3128834355828221
2.0552147239263805	0.3496932515337423
2.3006134969325154	0.4110429447852761
2.0736196319018405	0.37423312883435583
2.104294478527607	0.3312883435582822
2.4539877300613497	0.3312883435582822
2.5092024539877302	0.3006134969325153
2.638036809815951	0.3312883435582822
3.147239263803681	0.2822085889570552
2.6809815950920246	0.31901840490797545
2.773006134969325	0.26993865030674846
2.8773006134969323	0.38650306748466257
2.496932515337423	0.4662576687116564
3.496932515337423	0.3619631901840491
3.226993865030675	0.2883435582822086
3.049079754601227	0.27607361963190186
3.0122699386503067	0.26993865030674846
3.233128834355828	0.3374233128834356
3.2883435582822087	0.4294478527607362
2.9079754601226995	0.4601226993865031
4.429447852760736	0.4049079754601227
4.0920245398773005	0.50920245398773
4.0552147239263805	0.4049079754601227
5.754601226993865	0.4049079754601227
6.613496932515337	0.6993865030674846
8.521472392638037	0.50920245398773
8.0920245398773	0.4601226993865031
8.877300613496933	0.4785276073619632
18.558282208588956	0.4785276073619632
63.969325153374236	0.6134969325153374
91.30674846625767	0.5950920245398773
42.88343558282209	0.49079754601226994
22.834355828220858	0.4294478527607362
18.319018404907975	1.116564417177914
16.570552147239265	0.6012269938650306
12.159509202453988	0.7975460122699386
7.889570552147239	0.7852760736196319
4.588957055214724	1.3496932515337423
2.1595092024539877	1.165644171779141
1.5030674846625767	2.2392638036809815
1.9079754601226995	2.411042944785276
0.656441717791411	2.276073619631902
0.49079754601226994	2.104294478527607
0.5398773006134969	1.7546012269938651
0.588957055214724	1.2760736196319018
0.558282208588957	1.0122699386503067
0.5030674846625767	0.6073619631901841
0.8098159509202454	0.6809815950920245
1.1595092024539877	0.5460122699386503
1.6257668711656441	0.5030674846625767
1.7852760736196318	0.5153374233128835
2.098159509202454	0.5214723926380368
1.7423312883435582	1.2699386503067485
1.6932515337423313	1.6932515337423313
0.950920245398773	2.6748466257668713
0.8588957055214724	5.736196319018405
0.6809815950920245	8.441717791411042
0.50920245398773	12.539877300613497
0.6625766871165644	16.644171779141104
0.49079754601226994	21.619631901840492
0.6196319018404908	30.1840490797546
0.5705521472392638	63.239263803680984
0.43558282208588955	93.23312883435582
0.4294478527607362	41.42944785276074
0.49079754601226994	12.276073619631902
0.4785276073619632	6.644171779141105
0.26993865030674846	7.128834355828221
0.4171779141104294	8.01840490797546
0.3558282208588957	7.042944785276074
0.31901840490797545	4.993865030674846
0.39263803680981596	4.613496932515337
0.3312883435582822	3.6809815950920246
0.38650306748466257	4.110429447852761
0.3987730061349693	3.3803680981595092
0.3987730061349693	3.263803680981595
0.37423312883435583	3.1717791411042944
0.39263803680981596	2.7300613496932513
0.39263803680981596	2.871165644171779
0.3067484662576687	2.705521472392638
0.34355828220858897	3.0061349693251533
0.34355828220858897	3.128834355828221
0.5950920245398773	3.0552147239263805
0.3128834355828221	3.4171779141104293
0.38650306748466257	2.6932515337423313
0.37423312883435583	2.6993865030674846
0.3312883435582822	2.773006134969325
0.3619631901840491	2.441717791411043
0.4049079754601227	2.773006134969325
0.2147239263803681	3.3496932515337425
0.24539877300613497	2.5092024539877302
0.2883435582822086	2.355828220858896
0.26380368098159507	2.4907975460122698
0.36809815950920244	2.1165644171779143
0.2331288343558282	2.521472392638037
0.24539877300613497	2.3987730061349692
0.26993865030674846	2.3190184049079754
0.3067484662576687	2.2515337423312882
0.3312883435582822	2.1717791411042944
0.31901840490797545	2.049079754601227
0.25153374233128833	2.079754601226994
0.2331288343558282	1.883435582822086
0.27607361963190186	1.7791411042944785
0.3987730061349693	1.9202453987730062
0.24539877300613497	1.9202453987730062
0.31901840490797545	2.098159509202454
0.294478527607362	2.2883435582822087
0.4049079754601227	2.226993865030675
0.3803680981595092	2.2822085889570554
0.2085889570552147	1.8404907975460123
0.3006134969325153	2.147239263803681
0.25153374233128833	2.1165644171779143
0.3312883435582822	2.503067484662577
0.22699386503067484	1.950920245398773
0.3558282208588957	1.7975460122699387
0.5828220858895705	1.8711656441717792
0.1901840490797546	1.822085889570552
0.2392638036809816	1.6134969325153374
0.26993865030674846	1.6748466257668713
0.2883435582822086	1.8588957055214723
0.27607361963190186	1.6503067484662577
0.20245398773006135	1.883435582822086
0.2822085889570552	1.8466257668711656
