#Cluster311
1.6090225563909775	0.42857142857142855
1.7067669172932332	0.5639097744360902
1.7669172932330828	0.5789473684210527
1.8195488721804511	0.6015037593984962
2.0150375939849625	0.6691729323308271
2.075187969924812	0.9398496240601504
2.1052631578947367	0.6390977443609023
1.8195488721804511	0.5639097744360902
2.142857142857143	0.5338345864661654
2.007518796992481	0.5939849624060151
2.112781954887218	0.6616541353383458
2.1278195488721803	0.849624060150376
1.887218045112782	0.7744360902255639
1.6090225563909775	1.1729323308270676
1.6015037593984962	0.706766917293233
1.9248120300751879	0.8120300751879699
1.9774436090225564	0.5413533834586466
2.2406015037593985	0.6766917293233082
1.9774436090225564	0.556390977443609
1.9774436090225564	0.5413533834586466
2.1052631578947367	0.45864661654135336
2.5413533834586466	0.45864661654135336
2.075187969924812	0.42857142857142855
2.2857142857142856	0.5263157894736842
2.112781954887218	0.47368421052631576
2.0902255639097747	0.6240601503759399
2.293233082706767	0.5338345864661654
1.781954887218045	0.6090225563909775
2.172932330827068	0.6165413533834586
2.0601503759398496	0.44360902255639095
3.007518796992481	0.5488721804511278
2.6090225563909772	0.5263157894736842
3.030075187969925	0.38345864661654133
2.142857142857143	0.6842105263157895
2.300751879699248	0.48872180451127817
2.488721804511278	0.6992481203007519
2.4661654135338344	0.556390977443609
2.8646616541353382	0.6466165413533834
3.0676691729323307	0.6390977443609023
2.488721804511278	0.6466165413533834
3.300751879699248	0.48872180451127817
2.6165413533834587	0.43609022556390975
2.8045112781954886	0.45864661654135336
2.5789473684210527	0.5789473684210527
2.7518796992481205	0.40601503759398494
3.1052631578947367	0.5037593984962406
2.819548872180451	0.42857142857142855
3.082706766917293	0.40601503759398494
3.5413533834586466	0.5037593984962406
3.56390977443609	0.42105263157894735
4.81203007518797	0.6466165413533834
3.9022556390977443	0.39097744360902253
4.3007518796992485	0.7669172932330827
5.007518796992481	0.42857142857142855
6.43609022556391	0.45864661654135336
9.030075187969924	0.6466165413533834
7.706766917293233	0.6466165413533834
9.18796992481203	0.6165413533834586
13.992481203007518	0.7894736842105263
47.2406015037594	0.5864661654135338
94.18796992481202	0.6165413533834586
54.51127819548872	0.8270676691729323
25.278195488721803	0.8796992481203008
21.045112781954888	0.7368421052631579
18.533834586466167	0.5939849624060151
12.180451127819548	0.7142857142857143
9.571428571428571	0.8270676691729323
5.511278195488722	1.1578947368421053
2.338345864661654	0.8796992481203008
1.9849624060150375	1.7669172932330828
1.2706766917293233	1.7518796992481203
0.5639097744360902	2.345864661654135
0.6766917293233082	2.338345864661654
0.6541353383458647	1.9323308270676691
0.7368421052631579	1.263157894736842
0.7894736842105263	0.8947368421052632
0.8270676691729323	0.6165413533834586
1.0751879699248121	0.6541353383458647
1.5338345864661653	0.7218045112781954
2.1203007518796992	0.6842105263157895
2.473684210526316	0.48120300751879697
2.4210526315789473	0.6390977443609023
2.744360902255639	1.3233082706766917
2.1203007518796992	1.5037593984962405
1.2781954887218046	2.1654135338345863
1.3984962406015038	4.7819548872180455
1.0451127819548873	8.353383458646617
0.9548872180451128	12.924812030075188
1.0300751879699248	16.353383458646615
1.0676691729323309	18.203007518796994
0.9097744360902256	22.36842105263158
0.8270676691729323	38.31578947368421
0.8120300751879699	54.78195488721804
0.7293233082706767	29.172932330827066
0.6616541353383458	14.398496240601503
0.6917293233082706	6.7593984962406015
0.5338345864661654	8.8796992481203
0.46616541353383456	8.661654135338345
0.5338345864661654	8.06766917293233
1.0075187969924813	6.842105263157895
0.6992481203007519	4.654135338345864
0.5112781954887218	5.2406015037593985
0.5789473684210527	5.172932330827067
0.48872180451127817	3.4511278195488724
0.42105263157894735	3.744360902255639
0.43609022556390975	3.488721804511278
0.37593984962406013	3.0902255639097747
0.5263157894736842	3.774436090225564
0.41353383458646614	3.43609022556391
0.5639097744360902	2.8947368421052633
0.3684210526315789	3.992481203007519
0.40601503759398494	2.827067669172932
0.3383458646616541	3.075187969924812
0.3383458646616541	2.827067669172932
0.2706766917293233	3.8496240601503757
0.3383458646616541	3.18796992481203
0.2857142857142857	2.8345864661654137
0.2932330827067669	3.3834586466165413
0.3082706766917293	3.2330827067669174
0.39097744360902253	2.969924812030075
0.3609022556390977	3.8496240601503757
0.3233082706766917	3.142857142857143
0.22556390977443608	3.0526315789473686
0.42105263157894735	3.2481203007518795
0.2932330827067669	3.0150375939849625
0.3157894736842105	2.4285714285714284
0.3007518796992481	2.669172932330827
0.2857142857142857	2.8496240601503757
0.3458646616541353	2.6842105263157894
0.2706766917293233	2.744360902255639
0.24812030075187969	2.6390977443609023
0.3082706766917293	2.4586466165413534
0.3233082706766917	2.3609022556390977
0.2932330827067669	2.526315789473684
0.3082706766917293	2.1278195488721803
0.38345864661654133	2.3834586466165413
0.37593984962406013	2.827067669172932
0.5413533834586466	2.406015037593985
0.44360902255639095	2.526315789473684
0.42105263157894735	2.406015037593985
0.3383458646616541	2.6090225563909772
0.45112781954887216	2.0676691729323307
0.3609022556390977	3.3157894736842106
0.2932330827067669	1.9699248120300752
0.3157894736842105	1.9924812030075187
0.3684210526315789	1.9548872180451127
0.2631578947368421	1.8646616541353382
0.49624060150375937	2.180451127819549
0.3684210526315789	2.1353383458646618
0.3007518796992481	1.9398496240601504
0.3458646616541353	1.9172932330827068
