#Cluster207
2.3684210526315788	0.5578947368421052
2.231578947368421	0.42105263157894735
3.1789473684210527	0.49473684210526314
1.8842105263157896	0.5263157894736842
2.5052631578947366	0.49473684210526314
2.3789473684210525	0.6105263157894737
1.9789473684210526	0.30526315789473685
1.8	0.4105263157894737
2.210526315789474	0.5368421052631579
2.1578947368421053	0.4105263157894737
1.9157894736842105	0.6631578947368421
2.663157894736842	0.43157894736842106
2.210526315789474	0.45263157894736844
2.294736842105263	0.45263157894736844
3.1052631578947367	0.6526315789473685
3.0526315789473686	0.7684210526315789
3.557894736842105	0.5789473684210527
2.8105263157894735	0.631578947368421
2.3473684210526318	0.7368421052631579
3.0631578947368423	0.8526315789473684
3.6210526315789475	0.5684210526315789
2.8105263157894735	0.5157894736842106
2.778947368421053	0.5684210526315789
2.8421052631578947	0.9578947368421052
2.526315789473684	0.8210526315789474
2.2842105263157895	0.7789473684210526
3.1894736842105265	0.8421052631578947
2.8526315789473684	0.5578947368421052
2.8947368421052633	0.49473684210526314
2.6	0.6736842105263158
2.6526315789473682	0.5789473684210527
3.568421052631579	0.7894736842105263
2.873684210526316	0.7894736842105263
4.610526315789474	0.8947368421052632
3.568421052631579	1.1368421052631579
3.442105263157895	0.6947368421052632
5.663157894736842	0.6631578947368421
4.2105263157894735	0.4421052631578947
4.3578947368421055	0.4421052631578947
4.4	0.5157894736842106
3.694736842105263	0.4842105263157895
3.8526315789473684	0.49473684210526314
2.789473684210526	0.5473684210526316
4.231578947368421	0.43157894736842106
3.2526315789473683	0.631578947368421
4.810526315789474	0.5789473684210527
4.389473684210526	0.6
4.8	0.7052631578947368
5.231578947368421	0.6736842105263158
5.28421052631579	0.6947368421052632
5.4	0.5684210526315789
5.778947368421052	0.37894736842105264
5.894736842105263	0.5578947368421052
7.831578947368421	0.7473684210526316
8.642105263157895	0.6421052631578947
9.715789473684211	0.49473684210526314
9.48421052631579	0.8105263157894737
13.021052631578947	0.5578947368421052
43.38947368421053	0.6631578947368421
69.90526315789474	1.7578947368421052
52.705263157894734	0.8631578947368421
29.54736842105263	0.8526315789473684
23.852631578947367	0.6736842105263158
19.83157894736842	0.7894736842105263
14.68421052631579	0.8315789473684211
9.6	0.9894736842105263
6.126315789473685	1.6
3.1578947368421053	1.305263157894737
2.3473684210526318	2.4210526315789473
1.8631578947368421	2.473684210526316
1.231578947368421	2.463157894736842
1.305263157894737	1.8736842105263158
1.3473684210526315	1.8
1.1789473684210525	1.4
1.2736842105263158	1.1157894736842104
1.5157894736842106	0.8
1.9894736842105263	0.7578947368421053
3.2	0.6842105263157895
3.4842105263157896	0.9157894736842105
3.1157894736842104	1.1578947368421053
4.031578947368421	1.2210526315789474
3.294736842105263	2.473684210526316
3.0736842105263156	1.5473684210526315
1.9473684210526316	1.9894736842105263
1.768421052631579	4.273684210526316
1.5473684210526315	6.221052631578948
1.7263157894736842	10.473684210526315
1.694736842105263	13.189473684210526
1.9473684210526316	14.452631578947368
1.5578947368421052	18.210526315789473
2.1894736842105265	39.10526315789474
3.473684210526316	69.56842105263158
4.989473684210527	33.56842105263158
2.231578947368421	12.526315789473685
1.6210526315789473	6.526315789473684
2.831578947368421	6.08421052631579
2.4105263157894736	7.778947368421052
1.8736842105263158	5.442105263157894
1.9052631578947368	5.947368421052632
2.094736842105263	4.557894736842106
2.031578947368421	4.968421052631579
1.4842105263157894	3.968421052631579
1.4526315789473685	4.168421052631579
1.2210526315789474	3.768421052631579
1.431578947368421	3.568421052631579
2.705263157894737	4.621052631578947
3.642105263157895	4.094736842105263
1.1368421052631579	4.11578947368421
1.063157894736842	4.505263157894737
0.8842105263157894	4.494736842105263
1.168421052631579	4.021052631578947
0.8315789473684211	4.505263157894737
1.2105263157894737	4.6
0.9789473684210527	4.094736842105263
0.7894736842105263	3.2736842105263158
0.968421052631579	3.4105263157894736
0.9368421052631579	4.242105263157895
0.9894736842105263	3.736842105263158
0.8105263157894737	3.768421052631579
1.2105263157894737	4.631578947368421
0.7684210526315789	5.336842105263158
0.9473684210526315	4.073684210526316
0.5894736842105263	6.242105263157895
1.1157894736842104	5.926315789473684
1.1894736842105262	7.042105263157895
1.3263157894736841	7.389473684210526
1.4842105263157894	4.684210526315789
0.5789473684210527	5.336842105263158
0.8105263157894737	6.326315789473684
0.9578947368421052	5.378947368421053
0.8947368421052632	6.11578947368421
0.6421052631578947	6.147368421052631
1.0315789473684212	5.6947368421052635
1.231578947368421	4.526315789473684
1.6842105263157894	3.5789473684210527
1.305263157894737	3.3473684210526318
0.6421052631578947	3.7473684210526317
0.6	4.421052631578948
1.5052631578947369	5.6421052631578945
0.8210526315789474	3.4947368421052634
0.5578947368421052	4.7894736842105265
0.7157894736842105	2.7578947368421054
0.5157894736842106	3.3473684210526318
0.4105263157894737	3.3789473684210525
0.47368421052631576	3.768421052631579
0.4842105263157895	2.642105263157895
0.49473684210526314	2.168421052631579
0.4105263157894737	2.663157894736842
0.3473684210526316	3.5894736842105264
0.4	2.8842105263157896
0.6947368421052632	2.357894736842105
