#Cluster143
1.2549019607843137	0.17647058823529413
1.5490196078431373	0.19607843137254902
2.3333333333333335	0.2549019607843137
1.3333333333333333	0.19607843137254902
1.2352941176470589	0.19607843137254902
1.7843137254901962	0.13725490196078433
1.8823529411764706	0.35294117647058826
4.03921568627451	0.29411764705882354
3.235294117647059	0.2549019607843137
2.549019607843137	0.23529411764705882
2.1372549019607843	0.11764705882352941
2.3333333333333335	0.27450980392156865
2.843137254901961	0.23529411764705882
2.215686274509804	0.13725490196078433
1.9411764705882353	0.4117647058823529
1.7058823529411764	0.23529411764705882
2.5098039215686274	0.3137254901960784
2.0980392156862746	0.23529411764705882
2.0980392156862746	0.29411764705882354
2.0392156862745097	0.35294117647058826
2.0784313725490198	0.6274509803921569
1.7450980392156863	0.27450980392156865
1.6470588235294117	0.5686274509803921
1.2745098039215685	0.29411764705882354
2.1372549019607843	0.29411764705882354
1.2941176470588236	0.19607843137254902
1.7647058823529411	0.17647058823529413
1.9607843137254901	0.29411764705882354
2.176470588235294	0.23529411764705882
2.588235294117647	0.21568627450980393
2.3529411764705883	0.2549019607843137
1.7843137254901962	0.3137254901960784
1.3725490196078431	0.3137254901960784
2.5294117647058822	0.35294117647058826
1.8431372549019607	0.21568627450980393
2.215686274509804	0.17647058823529413
2.784313725490196	0.49019607843137253
2.3137254901960786	0.4117647058823529
2.3333333333333335	0.5294117647058824
3.6862745098039214	1.2745098039215685
2.5294117647058822	0.9215686274509803
2.4901960784313726	0.9215686274509803
2.1372549019607843	0.5490196078431373
1.8235294117647058	0.43137254901960786
2.2549019607843137	1.1372549019607843
2.0392156862745097	0.3137254901960784
2.607843137254902	0.49019607843137253
1.9411764705882353	0.6078431372549019
2.803921568627451	0.6078431372549019
2.6862745098039214	0.7254901960784313
3.8627450980392157	0.6862745098039216
3.843137254901961	0.4117647058823529
4.411764705882353	0.43137254901960786
5.9411764705882355	0.37254901960784315
4.431372549019608	0.35294117647058826
7.529411764705882	0.4117647058823529
12.372549019607844	0.35294117647058826
38.21568627450981	0.4117647058823529
55.6078431372549	0.7647058823529411
34.0	0.7254901960784313
16.313725490196077	0.7254901960784313
14.352941176470589	0.6274509803921569
11.509803921568627	0.6666666666666666
9.470588235294118	0.7058823529411765
7.098039215686274	0.8431372549019608
4.0588235294117645	1.1372549019607843
1.5098039215686274	0.8823529411764706
1.0980392156862746	1.7647058823529411
0.8823529411764706	1.9215686274509804
0.5490196078431373	2.156862745098039
0.45098039215686275	2.0980392156862746
0.5490196078431373	1.607843137254902
0.5098039215686274	1.0980392156862746
0.7254901960784313	0.6862745098039216
0.8823529411764706	0.6078431372549019
0.8235294117647058	0.5098039215686274
1.2549019607843137	0.6470588235294118
1.9215686274509804	0.5490196078431373
2.0980392156862746	0.5098039215686274
2.019607843137255	0.6078431372549019
1.7254901960784315	1.2156862745098038
1.3529411764705883	1.1176470588235294
0.9019607843137255	2.0980392156862746
0.803921568627451	4.235294117647059
0.49019607843137253	7.490196078431373
0.49019607843137253	7.980392156862745
0.5882352941176471	11.392156862745098
0.8823529411764706	14.666666666666666
0.45098039215686275	19.607843137254903
0.47058823529411764	47.01960784313726
0.43137254901960786	193.31372549019608
0.6078431372549019	33.98039215686274
0.6274509803921569	14.901960784313726
0.5882352941176471	7.333333333333333
0.27450980392156865	5.450980392156863
0.5882352941176471	5.098039215686274
0.3137254901960784	4.882352941176471
0.3137254901960784	3.6470588235294117
0.43137254901960786	4.509803921568627
0.5294117647058824	3.0980392156862746
0.3137254901960784	3.6470588235294117
0.47058823529411764	3.1176470588235294
0.5294117647058824	2.4705882352941178
0.5294117647058824	2.235294117647059
0.5294117647058824	2.4901960784313726
0.3137254901960784	2.2549019607843137
0.39215686274509803	2.450980392156863
0.47058823529411764	2.019607843137255
0.29411764705882354	1.8431372549019607
0.43137254901960786	2.0
0.47058823529411764	2.4313725490196076
0.23529411764705882	2.8823529411764706
0.5686274509803921	2.176470588235294
0.27450980392156865	1.7843137254901962
0.49019607843137253	2.0588235294117645
0.4117647058823529	2.196078431372549
0.39215686274509803	1.6666666666666667
0.43137254901960786	2.215686274509804
0.45098039215686275	2.019607843137255
0.5098039215686274	2.2941176470588234
0.49019607843137253	2.176470588235294
0.49019607843137253	1.9411764705882353
0.37254901960784315	2.0
0.45098039215686275	2.235294117647059
0.21568627450980393	2.764705882352941
0.5098039215686274	1.4509803921568627
0.6078431372549019	1.9411764705882353
0.6274509803921569	1.9215686274509804
0.5490196078431373	1.7450980392156863
0.5882352941176471	1.1372549019607843
0.7058823529411765	1.6470588235294117
0.5882352941176471	1.8235294117647058
0.6078431372549019	1.7647058823529411
0.6078431372549019	1.803921568627451
0.6470588235294118	1.4509803921568627
0.37254901960784315	2.0
0.5490196078431373	1.4509803921568627
0.6862745098039216	1.3529411764705883
0.7450980392156863	1.2549019607843137
0.35294117647058826	1.7843137254901962
0.3137254901960784	1.196078431372549
0.5098039215686274	1.7254901960784315
0.43137254901960786	1.803921568627451
0.43137254901960786	1.0
0.7647058823529411	1.5686274509803921
0.8823529411764706	1.3137254901960784
0.5098039215686274	1.607843137254902
0.6862745098039216	1.1764705882352942
0.5098039215686274	1.6666666666666667
0.39215686274509803	1.4901960784313726
0.6078431372549019	1.4509803921568627
