#Cluster143
7.71304347826087	7.01304347826087
8.130434782608695	6.51304347826087
10.930434782608696	6.234782608695652
10.013043478260869	5.691304347826087
8.465217391304348	5.934782608695652
8.660869565217391	4.769565217391304
8.482608695652173	5.334782608695652
7.1521739130434785	3.6043478260869564
8.826086956521738	4.017391304347826
8.734782608695653	4.760869565217392
8.891304347826088	3.8043478260869565
11.956521739130435	5.7043478260869565
10.47391304347826	4.386956521739131
10.456521739130435	4.2956521739130435
9.882608695652173	5.139130434782609
8.765217391304347	5.160869565217391
8.921739130434782	4.760869565217392
8.569565217391304	4.160869565217391
8.021739130434783	5.260869565217392
9.491304347826087	5.082608695652174
11.695652173913043	4.760869565217392
10.173913043478262	4.717391304347826
12.021739130434783	5.034782608695652
14.004347826086956	5.3304347826086955
12.173913043478262	3.5217391304347827
12.708695652173914	5.4
11.282608695652174	4.352173913043479
11.930434782608696	4.091304347826087
12.639130434782608	6.191304347826087
13.569565217391304	4.247826086956522
16.282608695652176	3.9
16.821739130434782	5.1347826086956525
15.347826086956522	4.760869565217392
14.182608695652174	5.691304347826087
14.947826086956521	6.656521739130435
16.182608695652174	6.208695652173913
16.156521739130437	6.21304347826087
18.417391304347827	4.369565217391305
16.473913043478262	4.843478260869565
16.482608695652175	4.173913043478261
19.304347826086957	3.908695652173913
19.03913043478261	4.726086956521739
23.16521739130435	4.8130434782608695
32.62608695652174	5.108695652173913
48.91304347826087	4.4
63.6695652173913	4.282608695652174
49.89565217391304	4.421739130434783
40.93043478260869	3.626086956521739
37.80434782608695	3.4217391304347826
34.62608695652174	3.1956521739130435
35.07826086956522	2.9565217391304346
35.62608695652174	3.8217391304347825
31.821739130434782	4.239130434782608
26.16521739130435	5.743478260869566
25.6	7.321739130434783
24.743478260869566	3.9217391304347826
27.321739130434782	4.108695652173913
21.195652173913043	4.269565217391304
21.243478260869566	6.921739130434783
19.743478260869566	7.504347826086956
20.64782608695652	5.1869565217391305
23.51304347826087	6.673913043478261
26.895652173913042	8.3
23.156521739130437	6.673913043478261
23.391304347826086	9.626086956521739
22.03913043478261	7.1173913043478265
18.47826086956522	8.47391304347826
17.55217391304348	6.856521739130435
20.23913043478261	7.247826086956522
22.569565217391304	11.004347826086956
28.830434782608695	7.6173913043478265
40.36521739130435	8.756521739130434
52.45652173913044	8.134782608695652
60.71304347826087	11.021739130434783
88.18260869565218	11.434782608695652
93.91304347826087	13.656521739130435
71.82173913043478	18.904347826086955
58.74782608695652	26.121739130434783
72.8913043478261	23.030434782608694
72.55652173913043	21.856521739130436
85.71739130434783	17.043478260869566
84.4695652173913	17.747826086956522
78.82608695652173	26.195652173913043
74.55652173913043	41.73478260869565
72.74347826086957	45.8
54.2304347826087	56.53913043478261
48.88695652173913	58.59130434782609
32.86086956521739	61.84347826086957
26.3	63.14782608695652
24.443478260869565	62.678260869565214
15.369565217391305	61.96086956521739
15.691304347826087	63.30434782608695
13.18695652173913	63.756521739130434
13.039130434782608	61.24782608695652
13.160869565217391	60.28695652173913
12.860869565217392	46.56521739130435
12.97391304347826	51.278260869565216
9.391304347826088	47.43043478260869
12.482608695652173	36.96086956521739
9.339130434782609	40.43913043478261
7.526086956521739	37.65217391304348
7.421739130434783	35.91304347826087
6.978260869565218	41.07826086956522
8.256521739130434	47.582608695652176
5.8304347826086955	54.78260869565217
7.326086956521739	55.743478260869566
6.056521739130435	58.291304347826085
8.421739130434782	65.1304347826087
5.543478260869565	69.06521739130434
6.017391304347826	70.34782608695652
4.6173913043478265	73.94782608695652
4.560869565217391	71.31739130434782
5.073913043478261	66.42608695652174
5.7	71.76086956521739
6.28695652173913	61.243478260869566
6.260869565217392	53.18260869565217
5.78695652173913	52.21304347826087
5.547826086956522	33.11739130434783
5.165217391304348	37.94347826086957
4.726086956521739	33.08695652173913
4.930434782608696	28.51304347826087
5.469565217391304	27.691304347826087
5.639130434782609	24.643478260869564
4.747826086956522	22.139130434782608
5.678260869565217	22.73913043478261
4.8478260869565215	25.204347826086956
5.352173913043479	19.243478260869566
5.678260869565217	21.430434782608696
4.273913043478261	21.765217391304347
5.008695652173913	21.452173913043477
5.021739130434782	20.343478260869563
5.308695652173913	17.22608695652174
6.643478260869565	20.51304347826087
5.508695652173913	19.08695652173913
7.282608695652174	17.917391304347827
6.1173913043478265	19.534782608695654
7.017391304347826	16.743478260869566
5.239130434782608	17.43913043478261
7.7	17.078260869565216
5.586956521739131	18.734782608695653
5.082608695652174	19.921739130434784
5.852173913043479	20.047826086956523
5.7043478260869565	18.47826086956522
4.521739130434782	19.265217391304347
4.586956521739131	21.891304347826086
4.791304347826087	24.4
4.660869565217391	19.804347826086957
4.691304347826087	24.330434782608695
6.586956521739131	18.182608695652174
6.1	20.382608695652173
8.252173913043478	22.66521739130435
