#Cluster176
5.883895131086143	1.8689138576779025
7.007490636704119	1.4382022471910112
5.9700374531835205	1.8277153558052435
6.146067415730337	1.4382022471910112
7.0299625468164795	1.1647940074906367
5.7677902621722845	1.3745318352059925
6.49438202247191	1.1610486891385767
6.322097378277154	1.3820224719101124
6.3745318352059925	1.4943820224719102
6.393258426966292	1.348314606741573
6.048689138576779	1.5730337078651686
7.176029962546816	1.4756554307116105
6.50187265917603	1.7191011235955056
6.940074906367041	1.5131086142322097
6.940074906367041	1.595505617977528
6.801498127340824	1.850187265917603
9.546816479400748	1.8913857677902621
6.749063670411985	1.8838951310861423
7.591760299625468	1.853932584269663
6.602996254681648	1.7228464419475655
6.7790262172284645	1.408239700374532
8.486891385767791	1.8726591760299625
8.898876404494382	1.4756554307116105
9.161048689138577	1.8913857677902621
7.149812734082397	1.8464419475655431
8.835205992509364	2.6329588014981273
8.779026217228465	1.4382022471910112
12.295880149812733	1.794007490636704
8.887640449438202	1.5018726591760299
8.344569288389513	1.7827715355805243
9.767790262172285	1.6591760299625469
8.94756554307116	1.8052434456928839
9.269662921348315	1.752808988764045
10.49438202247191	1.5880149812734083
13.745318352059925	1.853932584269663
11.614232209737828	1.9625468164794007
13.41947565543071	2.3895131086142323
12.99250936329588	2.3782771535580522
13.655430711610487	2.363295880149813
13.486891385767791	1.6666666666666667
13.704119850187267	2.067415730337079
14.55430711610487	1.6292134831460674
15.292134831460674	1.7752808988764044
19.01498127340824	1.6217228464419475
20.310861423220974	2.0861423220973783
22.767790262172284	1.9625468164794007
29.756554307116104	2.183520599250936
38.749063670411985	1.7677902621722847
57.89138576779026	1.647940074906367
47.40823970037453	1.8426966292134832
41.36704119850187	1.6217228464419475
45.62546816479401	2.0149812734082397
38.89138576779026	1.6704119850187267
32.63295880149813	1.6853932584269662
30.9625468164794	1.9063670411985019
28.168539325842698	2.6816479400749063
25.314606741573034	2.445692883895131
23.760299625468164	2.5655430711610485
21.61048689138577	2.902621722846442
20.187265917602996	2.730337078651685
22.071161048689138	2.947565543071161
17.95131086142322	3.183520599250936
16.45692883895131	3.146067415730337
15.827715355805243	4.071161048689139
15.086142322097379	3.5243445692883895
21.142322097378276	3.741573033707865
17.39325842696629	4.205992509363296
16.116104868913858	4.662921348314606
19.34082397003745	5.007490636704119
15.02996254681648	5.194756554307116
15.891385767790263	5.734082397003745
17.333333333333332	5.49812734082397
20.61423220973783	7.067415730337078
24.138576779026216	5.292134831460674
28.651685393258425	5.561797752808989
30.367041198501873	4.610486891385768
41.50936329588015	5.9812734082397006
46.50187265917603	7.621722846441948
55.48314606741573	8.940074906367041
51.80524344569288	12.273408239700375
47.04494382022472	11.808988764044944
47.41947565543071	14.374531835205993
48.27715355805243	15.344569288389513
49.71535580524345	15.325842696629213
51.49438202247191	17.98501872659176
45.644194756554306	24.625468164794007
36.39700374531835	30.61423220973783
35.734082397003746	35.52059925093633
28.629213483146067	44.176029962546814
28.183520599250937	42.36704119850187
20.868913857677903	50.19101123595506
16.352059925093634	51.157303370786515
13.0	55.17977528089887
10.48314606741573	51.62921348314607
9.872659176029963	54.359550561797754
7.591760299625468	48.31086142322097
5.692883895131086	43.80524344569288
6.449438202247191	41.98876404494382
9.595505617977528	37.50936329588015
7.310861423220974	33.835205992509366
6.8277153558052435	36.00374531835206
5.898876404494382	25.43445692883895
6.01123595505618	25.760299625468164
6.861423220973783	27.696629213483146
5.0411985018726595	28.310861423220974
3.741573033707865	31.235955056179776
5.51310861423221	33.54307116104869
3.5205992509363297	41.41198501872659
2.640449438202247	47.42696629213483
2.352059925093633	59.49063670411985
2.4756554307116105	65.93258426966293
1.6666666666666667	60.441947565543074
2.033707865168539	61.58801498127341
1.7865168539325842	64.95131086142322
1.3558052434456929	67.31086142322097
1.7752808988764044	64.19475655430712
1.5205992509363295	61.756554307116104
1.2734082397003745	47.36329588014981
1.445692883895131	41.59176029962547
1.8426966292134832	35.70037453183521
1.1385767790262171	24.816479400749063
1.2359550561797752	23.692883895131086
1.6217228464419475	18.213483146067414
1.0823970037453183	16.719101123595507
1.1273408239700375	16.352059925093634
1.3183520599250935	15.685393258426966
1.3932584269662922	13.906367041198502
1.1647940074906367	10.464419475655431
1.850187265917603	11.794007490636703
1.0112359550561798	11.696629213483146
1.299625468164794	10.670411985018726
0.8951310861423221	10.179775280898877
0.8726591760299626	10.782771535580524
0.7677902621722846	11.99250936329588
0.898876404494382	11.333333333333334
1.5767790262172285	9.44943820224719
1.0	10.00749063670412
0.8239700374531835	9.408239700374532
0.7865168539325843	11.258426966292134
1.1273408239700375	8.352059925093632
0.7490636704119851	9.50561797752809
0.951310861423221	8.460674157303371
0.7602996254681648	10.292134831460674
0.8689138576779026	9.47565543071161
0.8164794007490637	10.059925093632959
0.7602996254681648	9.02247191011236
0.8202247191011236	8.92134831460674
0.7490636704119851	8.089887640449438
0.797752808988764	9.352059925093632
0.8014981273408239	9.037453183520599
0.7378277153558053	9.213483146067416
