#Cluster7
4.073170731707317	0.3902439024390244
4.341463414634147	0.4634146341463415
7.048780487804878	0.43902439024390244
11.317073170731707	0.4146341463414634
4.121951219512195	0.4146341463414634
7.658536585365853	0.5853658536585366
5.048780487804878	0.36585365853658536
5.146341463414634	0.6341463414634146
5.2439024390243905	0.5609756097560976
5.7560975609756095	0.36585365853658536
4.975609756097561	0.6585365853658537
6.097560975609756	0.5365853658536586
5.634146341463414	0.4146341463414634
4.829268292682927	0.5121951219512195
6.439024390243903	0.4634146341463415
5.878048780487805	0.4146341463414634
5.487804878048781	0.6585365853658537
4.829268292682927	0.6829268292682927
4.195121951219512	0.36585365853658536
5.585365853658536	0.2682926829268293
5.951219512195122	0.3170731707317073
7.609756097560975	0.3902439024390244
7.365853658536586	0.2926829268292683
9.439024390243903	0.4878048780487805
13.731707317073171	0.4634146341463415
28.414634146341463	0.7073170731707317
40.170731707317074	0.8536585365853658
35.73170731707317	0.3902439024390244
26.21951219512195	0.5365853658536586
30.170731707317074	0.5365853658536586
15.341463414634147	0.8048780487804879
24.48780487804878	0.8536585365853658
10.0	1.8048780487804879
12.121951219512194	1.2682926829268293
6.7560975609756095	1.6829268292682926
5.2682926829268295	1.9268292682926829
4.048780487804878	1.853658536585366
5.975609756097561	0.9512195121951219
4.634146341463414	0.8780487804878049
4.609756097560975	0.7317073170731707
5.097560975609756	0.8292682926829268
6.487804878048781	0.8292682926829268
7.2682926829268295	0.8292682926829268
8.878048780487806	0.6341463414634146
11.609756097560975	1.0
11.146341463414634	0.975609756097561
18.146341463414632	1.0975609756097562
15.21951219512195	1.1219512195121952
15.75609756097561	2.1707317073170733
17.463414634146343	1.7317073170731707
16.341463414634145	1.170731707317073
14.487804878048781	1.4634146341463414
20.951219512195124	1.3414634146341464
25.70731707317073	1.3414634146341464
25.26829268292683	1.5365853658536586
36.853658536585364	1.5365853658536586
35.26829268292683	2.2439024390243905
30.195121951219512	2.7560975609756095
25.317073170731707	3.7804878048780486
23.951219512195124	7.414634146341464
22.975609756097562	6.951219512195122
22.341463414634145	10.170731707317072
28.658536585365855	10.097560975609756
24.414634146341463	7.609756097560975
32.073170731707314	8.975609756097562
20.463414634146343	9.853658536585366
30.926829268292682	9.439024390243903
15.75609756097561	11.024390243902438
17.073170731707318	15.585365853658537
12.463414634146341	15.24390243902439
8.195121951219512	17.121951219512194
7.780487804878049	14.707317073170731
8.365853658536585	17.5609756097561
8.146341463414634	18.829268292682926
4.609756097560975	23.682926829268293
5.585365853658536	13.439024390243903
3.292682926829268	13.878048780487806
3.341463414634146	12.951219512195122
2.7560975609756095	10.268292682926829
3.5365853658536586	11.634146341463415
3.8292682926829267	13.292682926829269
4.7560975609756095	12.658536585365853
3.707317073170732	9.073170731707316
2.4634146341463414	11.78048780487805
2.268292682926829	13.121951219512194
1.6829268292682926	18.073170731707318
2.048780487804878	18.5609756097561
2.317073170731707	21.341463414634145
1.4878048780487805	21.48780487804878
1.0	29.804878048780488
0.926829268292683	32.31707317073171
0.7317073170731707	35.926829268292686
1.0	37.707317073170735
0.975609756097561	42.21951219512195
1.4146341463414633	57.73170731707317
0.43902439024390244	61.170731707317074
1.048780487804878	46.73170731707317
0.7804878048780488	32.46341463414634
0.6341463414634146	20.926829268292682
0.6585365853658537	18.536585365853657
0.9024390243902439	12.658536585365853
1.6585365853658536	14.75609756097561
1.0	13.024390243902438
1.024390243902439	11.975609756097562
1.4146341463414633	8.878048780487806
1.0731707317073171	9.682926829268293
1.2682926829268293	9.585365853658537
0.8780487804878049	7.682926829268292
0.8292682926829268	8.707317073170731
0.5853658536585366	6.390243902439025
0.5365853658536586	7.2682926829268295
1.048780487804878	4.439024390243903
0.7560975609756098	6.048780487804878
0.5609756097560976	5.121951219512195
0.7560975609756098	5.390243902439025
0.7317073170731707	5.0
0.6829268292682927	6.048780487804878
0.4146341463414634	5.097560975609756
0.9024390243902439	5.024390243902439
0.4146341463414634	4.829268292682927
0.4146341463414634	5.487804878048781
0.43902439024390244	3.707317073170732
0.6829268292682927	4.804878048780488
0.6097560975609756	5.2926829268292686
0.8292682926829268	4.682926829268292
0.43902439024390244	5.048780487804878
0.5365853658536586	5.073170731707317
0.7073170731707317	3.951219512195122
0.9024390243902439	3.707317073170732
1.0731707317073171	5.024390243902439
0.4634146341463415	4.463414634146342
1.170731707317073	4.341463414634147
0.5365853658536586	5.097560975609756
0.4878048780487805	5.829268292682927
1.2195121951219512	5.902439024390244
0.7804878048780488	4.390243902439025
0.5853658536585366	2.8780487804878048
1.0	4.951219512195122
0.6341463414634146	3.097560975609756
0.9512195121951219	4.439024390243903
0.5853658536585366	3.3902439024390243
0.7804878048780488	5.146341463414634
1.1951219512195121	3.1707317073170733
0.1951219512195122	5.7560975609756095
0.8292682926829268	2.5365853658536586
0.5121951219512195	5.365853658536586
0.2682926829268293	4.7317073170731705
0.5121951219512195	2.5853658536585367
0.4146341463414634	2.951219512195122
0.5609756097560976	2.4390243902439024
0.5365853658536586	3.4634146341463414
