#Cluster301
1.6511627906976745	0.2558139534883721
1.069767441860465	0.13953488372093023
1.4651162790697674	0.20930232558139536
1.1627906976744187	0.27906976744186046
0.9069767441860465	0.23255813953488372
1.5813953488372092	0.3023255813953488
1.255813953488372	1.0465116279069768
1.4186046511627908	0.5348837209302325
1.6511627906976745	0.2558139534883721
1.4651162790697674	0.6046511627906976
1.5116279069767442	0.3488372093023256
1.3255813953488371	0.23255813953488372
1.441860465116279	0.3953488372093023
1.0232558139534884	0.3488372093023256
1.7209302325581395	0.18604651162790697
1.372093023255814	0.3488372093023256
1.6744186046511629	0.11627906976744186
1.6744186046511629	0.13953488372093023
1.6511627906976745	0.18604651162790697
1.255813953488372	0.27906976744186046
1.302325581395349	0.16279069767441862
1.372093023255814	0.27906976744186046
1.627906976744186	0.18604651162790697
1.6511627906976745	0.3953488372093023
1.5813953488372092	0.37209302325581395
1.930232558139535	0.3023255813953488
1.372093023255814	0.20930232558139536
1.930232558139535	0.23255813953488372
1.2325581395348837	0.18604651162790697
2.255813953488372	0.11627906976744186
2.0697674418604652	0.4883720930232558
1.4651162790697674	0.20930232558139536
1.9534883720930232	0.5581395348837209
1.6511627906976745	0.7209302325581395
2.255813953488372	0.23255813953488372
2.7906976744186047	0.09302325581395349
1.5813953488372092	0.20930232558139536
1.4651162790697674	0.32558139534883723
2.116279069767442	0.27906976744186046
2.5348837209302326	0.11627906976744186
1.4883720930232558	0.27906976744186046
1.6744186046511629	0.3488372093023256
2.0930232558139537	0.32558139534883723
1.255813953488372	0.27906976744186046
2.6744186046511627	0.27906976744186046
2.0930232558139537	0.16279069767441862
2.13953488372093	0.16279069767441862
4.255813953488372	0.37209302325581395
2.883720930232558	0.23255813953488372
4.395348837209302	0.3023255813953488
5.046511627906977	0.23255813953488372
8.953488372093023	0.23255813953488372
9.488372093023257	0.23255813953488372
6.604651162790698	0.37209302325581395
6.372093023255814	0.2558139534883721
6.465116279069767	0.2558139534883721
7.837209302325581	0.18604651162790697
6.023255813953488	0.23255813953488372
5.790697674418604	0.27906976744186046
7.5813953488372094	0.5116279069767442
8.023255813953488	0.4418604651162791
6.186046511627907	0.5116279069767442
5.930232558139535	0.7209302325581395
4.465116279069767	0.7209302325581395
4.093023255813954	0.8837209302325582
4.953488372093023	0.6046511627906976
3.9767441860465116	0.6511627906976745
3.7906976744186047	0.6511627906976745
3.883720930232558	0.8837209302325582
3.1627906976744184	0.6744186046511628
2.953488372093023	1.0465116279069768
2.1627906976744184	1.0
1.069767441860465	2.13953488372093
1.7674418604651163	1.1395348837209303
2.2093023255813953	1.8372093023255813
2.7209302325581395	0.6744186046511628
4.441860465116279	0.9767441860465116
6.348837209302325	0.9069767441860465
4.046511627906977	1.558139534883721
2.0232558139534884	1.5116279069767442
0.9534883720930233	3.8372093023255816
0.9302325581395349	5.325581395348837
0.8837209302325582	7.465116279069767
0.7209302325581395	9.395348837209303
0.27906976744186046	15.69767441860465
0.3023255813953488	14.395348837209303
0.11627906976744186	13.255813953488373
0.32558139534883723	15.976744186046512
0.16279069767441862	16.74418604651163
0.11627906976744186	23.023255813953487
0.11627906976744186	135.46511627906978
0.23255813953488372	7.883720930232558
0.16279069767441862	8.162790697674419
0.11627906976744186	5.744186046511628
0.06976744186046512	3.372093023255814
0.3023255813953488	3.441860465116279
0.09302325581395349	4.186046511627907
0.20930232558139536	4.744186046511628
0.13953488372093023	4.813953488372093
0.16279069767441862	5.093023255813954
0.13953488372093023	4.069767441860465
0.06976744186046512	3.13953488372093
0.20930232558139536	3.4186046511627906
0.11627906976744186	2.6511627906976742
0.11627906976744186	2.0
0.18604651162790697	3.5348837209302326
0.046511627906976744	1.627906976744186
0.2558139534883721	1.7906976744186047
0.13953488372093023	2.395348837209302
0.23255813953488372	2.13953488372093
0.16279069767441862	1.558139534883721
0.09302325581395349	2.046511627906977
0.20930232558139536	1.558139534883721
0.13953488372093023	1.813953488372093
0.27906976744186046	1.8837209302325582
0.046511627906976744	1.9534883720930232
0.13953488372093023	2.4186046511627906
0.13953488372093023	2.9302325581395348
0.046511627906976744	1.3255813953488371
0.18604651162790697	1.4883720930232558
0.18604651162790697	1.5116279069767442
0.11627906976744186	1.372093023255814
0.06976744186046512	1.4186046511627908
0.2558139534883721	1.5813953488372092
0.16279069767441862	1.186046511627907
0.046511627906976744	1.7674418604651163
0.13953488372093023	1.6744186046511629
0.046511627906976744	1.744186046511628
0.2558139534883721	1.0232558139534884
0.06976744186046512	1.7906976744186047
0.09302325581395349	1.930232558139535
0.06976744186046512	2.2093023255813953
0.16279069767441862	1.3488372093023255
0.16279069767441862	1.3953488372093024
0.20930232558139536	1.6511627906976745
0.13953488372093023	1.255813953488372
0.09302325581395349	1.5116279069767442
0.13953488372093023	1.1162790697674418
0.20930232558139536	1.8372093023255813
0.16279069767441862	1.2325581395348837
0.16279069767441862	1.5116279069767442
0.06976744186046512	0.9767441860465116
0.20930232558139536	1.1395348837209303
0.06976744186046512	1.5348837209302326
0.11627906976744186	2.1627906976744184
0.046511627906976744	1.2790697674418605
0.06976744186046512	2.1627906976744184
0.06976744186046512	1.5348837209302326
0.13953488372093023	1.186046511627907
0.09302325581395349	1.441860465116279
0.18604651162790697	1.5813953488372092
