#Cluster48
1.3214285714285714	0.14285714285714285
2.4642857142857144	0.23214285714285715
1.6785714285714286	0.23214285714285715
1.1785714285714286	0.2857142857142857
1.2857142857142858	0.19642857142857142
1.2857142857142858	0.19642857142857142
1.8035714285714286	0.14285714285714285
1.7857142857142858	0.16071428571428573
2.4107142857142856	0.16071428571428573
1.75	0.19642857142857142
2.232142857142857	0.23214285714285715
1.875	0.03571428571428571
1.3214285714285714	0.26785714285714285
1.375	0.17857142857142858
1.8035714285714286	0.26785714285714285
1.3571428571428572	0.21428571428571427
2.1964285714285716	0.125
2.3214285714285716	0.23214285714285715
1.5	0.32142857142857145
1.6428571428571428	0.07142857142857142
1.8571428571428572	0.16071428571428573
1.4464285714285714	0.14285714285714285
1.5535714285714286	0.21428571428571427
1.7857142857142858	0.2857142857142857
2.6964285714285716	0.16071428571428573
1.7321428571428572	0.23214285714285715
1.9107142857142858	0.23214285714285715
1.5535714285714286	0.32142857142857145
2.3035714285714284	0.08928571428571429
3.5535714285714284	0.08928571428571429
2.0	0.21428571428571427
2.4107142857142856	0.08928571428571429
1.875	0.125
2.4464285714285716	0.10714285714285714
2.9285714285714284	0.07142857142857142
2.2142857142857144	0.14285714285714285
2.0535714285714284	0.16071428571428573
2.4642857142857144	0.125
2.7857142857142856	0.23214285714285715
2.142857142857143	0.17857142857142858
1.8214285714285714	0.08928571428571429
2.017857142857143	0.19642857142857142
1.625	0.2857142857142857
1.3392857142857142	0.14285714285714285
2.3214285714285716	0.21428571428571427
2.375	0.16071428571428573
2.892857142857143	0.10714285714285714
3.517857142857143	0.23214285714285715
5.089285714285714	0.16071428571428573
5.696428571428571	0.16071428571428573
7.142857142857143	0.19642857142857142
6.446428571428571	0.07142857142857142
5.053571428571429	0.16071428571428573
5.375	0.10714285714285714
4.428571428571429	0.14285714285714285
4.625	0.5
6.607142857142857	0.5357142857142857
9.910714285714286	0.25
16.696428571428573	0.25
18.428571428571427	0.2857142857142857
19.053571428571427	0.25
16.767857142857142	0.32142857142857145
15.035714285714286	0.17857142857142858
15.767857142857142	0.25
18.928571428571427	0.16071428571428573
17.035714285714285	0.23214285714285715
14.5	0.3392857142857143
10.25	0.30357142857142855
5.464285714285714	0.7321428571428571
2.7142857142857144	1.1785714285714286
2.482142857142857	3.5892857142857144
1.4285714285714286	4.803571428571429
0.8571428571428571	4.392857142857143
1.6071428571428572	2.625
1.3214285714285714	1.625
2.3392857142857144	1.2678571428571428
2.107142857142857	0.9464285714285714
2.0357142857142856	1.8571428571428572
0.8214285714285714	1.7678571428571428
0.8214285714285714	3.4285714285714284
0.35714285714285715	4.607142857142857
0.39285714285714285	5.517857142857143
0.4642857142857143	7.5
0.30357142857142855	9.928571428571429
0.26785714285714285	8.232142857142858
0.3392857142857143	8.821428571428571
0.25	10.303571428571429
0.375	11.803571428571429
0.26785714285714285	18.089285714285715
0.16071428571428573	60.642857142857146
0.375	20.25
0.21428571428571427	11.642857142857142
0.19642857142857142	6.142857142857143
0.23214285714285715	5.178571428571429
0.23214285714285715	5.017857142857143
0.2857142857142857	8.946428571428571
0.16071428571428573	8.321428571428571
0.23214285714285715	9.017857142857142
0.3392857142857143	7.25
0.2857142857142857	4.232142857142857
0.25	5.285714285714286
0.21428571428571427	2.6785714285714284
0.26785714285714285	2.5535714285714284
0.26785714285714285	1.9285714285714286
0.17857142857142858	2.017857142857143
0.25	1.9107142857142858
0.23214285714285715	1.8571428571428572
0.125	4.25
0.26785714285714285	1.8214285714285714
0.23214285714285715	2.2857142857142856
0.05357142857142857	2.0
0.26785714285714285	2.3214285714285716
0.23214285714285715	1.125
0.3392857142857143	2.0535714285714284
0.30357142857142855	2.0714285714285716
0.14285714285714285	1.5892857142857142
0.14285714285714285	1.1785714285714286
0.125	1.75
0.19642857142857142	1.4464285714285714
0.10714285714285714	1.625
0.30357142857142855	1.8392857142857142
0.30357142857142855	1.5714285714285714
0.30357142857142855	1.3571428571428572
0.26785714285714285	1.4285714285714286
0.16071428571428573	1.3392857142857142
0.19642857142857142	1.5357142857142858
0.16071428571428573	1.9821428571428572
0.21428571428571427	2.232142857142857
0.19642857142857142	2.125
0.16071428571428573	2.642857142857143
0.3392857142857143	1.625
0.14285714285714285	2.267857142857143
0.35714285714285715	1.3571428571428572
0.14285714285714285	1.6607142857142858
0.375	2.25
0.21428571428571427	2.0
0.16071428571428573	1.8928571428571428
0.19642857142857142	2.3214285714285716
0.35714285714285715	2.3392857142857144
0.19642857142857142	1.0178571428571428
0.17857142857142858	0.9821428571428571
0.14285714285714285	1.4285714285714286
0.17857142857142858	1.2142857142857142
0.25	0.9821428571428571
0.19642857142857142	1.6785714285714286
0.32142857142857145	1.1785714285714286
0.375	1.2678571428571428
0.32142857142857145	1.25
0.25	1.3571428571428572
0.3392857142857143	1.125
0.25	1.2678571428571428
