#Cluster408
2.013157894736842	0.47368421052631576
1.894736842105263	0.4473684210526316
1.631578947368421	0.6710526315789473
1.6710526315789473	0.5921052631578947
1.381578947368421	0.8157894736842105
1.6578947368421053	1.0263157894736843
1.868421052631579	0.7631578947368421
1.8157894736842106	0.9868421052631579
1.5263157894736843	0.8026315789473685
2.0657894736842106	0.9736842105263158
1.4736842105263157	0.9473684210526315
2.3157894736842106	0.9868421052631579
2.6052631578947367	1.4342105263157894
1.5789473684210527	0.631578947368421
1.9078947368421053	1.118421052631579
1.631578947368421	0.5263157894736842
2.513157894736842	0.2236842105263158
2.1184210526315788	0.19736842105263158
1.9342105263157894	0.3815789473684211
1.4342105263157894	0.25
1.394736842105263	0.34210526315789475
2.473684210526316	0.3684210526315789
1.5	0.2236842105263158
1.7763157894736843	0.631578947368421
1.736842105263158	0.2236842105263158
2.1052631578947367	0.2894736842105263
3.276315789473684	0.3026315789473684
2.9342105263157894	0.3026315789473684
2.460526315789474	0.4605263157894737
2.223684210526316	0.5657894736842105
1.618421052631579	0.4473684210526316
2.3552631578947367	0.4342105263157895
2.3421052631578947	0.3684210526315789
1.9342105263157894	0.39473684210526316
1.881578947368421	0.25
2.0921052631578947	0.3815789473684211
3.486842105263158	0.32894736842105265
1.8289473684210527	0.3157894736842105
2.039473684210526	0.34210526315789475
1.9605263157894737	0.23684210526315788
1.9736842105263157	0.2236842105263158
2.3684210526315788	0.25
2.513157894736842	0.2631578947368421
2.5526315789473686	0.23684210526315788
2.3552631578947367	0.25
2.723684210526316	0.3684210526315789
2.789473684210526	0.5526315789473685
2.3684210526315788	0.2631578947368421
3.8947368421052633	0.21052631578947367
3.3684210526315788	0.2631578947368421
5.131578947368421	0.4868421052631579
8.526315789473685	0.3684210526315789
12.894736842105264	0.35526315789473684
16.657894736842106	0.40789473684210525
19.236842105263158	0.5263157894736842
9.5	0.47368421052631576
7.7368421052631575	0.5
8.644736842105264	0.3157894736842105
6.671052631578948	0.32894736842105265
9.618421052631579	0.21052631578947367
17.592105263157894	0.39473684210526316
13.118421052631579	0.3157894736842105
12.43421052631579	0.5657894736842105
7.7368421052631575	0.5789473684210527
8.75	0.5657894736842105
7.026315789473684	0.5394736842105263
6.144736842105263	0.5131578947368421
8.789473684210526	0.881578947368421
6.2368421052631575	0.5789473684210527
6.026315789473684	0.5789473684210527
3.5789473684210527	1.105263157894737
1.736842105263158	1.118421052631579
1.4210526315789473	1.2105263157894737
1.605263157894737	2.486842105263158
1.3421052631578947	2.8026315789473686
1.7236842105263157	1.736842105263158
1.7894736842105263	1.1578947368421053
4.197368421052632	1.394736842105263
5.078947368421052	1.1973684210526316
3.8815789473684212	2.526315789473684
1.6842105263157894	3.486842105263158
0.6578947368421053	6.7105263157894735
0.4605263157894737	20.026315789473685
0.15789473684210525	16.486842105263158
0.34210526315789475	16.236842105263158
0.23684210526315788	16.55263157894737
0.18421052631578946	15.539473684210526
0.3026315789473684	15.789473684210526
0.34210526315789475	16.263157894736842
0.34210526315789475	17.93421052631579
0.39473684210526316	20.82894736842105
0.25	12.026315789473685
0.15789473684210525	8.710526315789474
0.27631578947368424	6.684210526315789
0.14473684210526316	4.5
0.34210526315789475	3.5657894736842106
0.21052631578947367	3.4342105263157894
0.18421052631578946	4.7631578947368425
0.2631578947368421	4.0131578947368425
0.3157894736842105	6.25
0.42105263157894735	4.605263157894737
0.3026315789473684	5.328947368421052
0.4342105263157895	5.2631578947368425
0.3815789473684211	3.473684210526316
0.27631578947368424	3.4473684210526314
0.5131578947368421	3.3947368421052633
0.34210526315789475	2.9210526315789473
0.2236842105263158	1.9342105263157894
0.5657894736842105	2.3421052631578947
0.21052631578947367	2.6184210526315788
0.3815789473684211	2.013157894736842
0.3684210526315789	1.6710526315789473
0.25	1.7236842105263157
0.34210526315789475	2.0789473684210527
0.23684210526315788	2.5657894736842106
0.27631578947368424	2.026315789473684
0.23684210526315788	3.026315789473684
0.2236842105263158	2.263157894736842
0.2894736842105263	1.6710526315789473
0.3026315789473684	1.9736842105263157
0.27631578947368424	1.7894736842105263
0.19736842105263158	1.6973684210526316
0.21052631578947367	1.763157894736842
0.2236842105263158	1.7236842105263157
0.19736842105263158	1.763157894736842
0.2894736842105263	1.4736842105263157
0.13157894736842105	1.644736842105263
0.23684210526315788	2.0526315789473686
0.2631578947368421	1.7894736842105263
0.14473684210526316	2.223684210526316
0.23684210526315788	3.0657894736842106
0.15789473684210525	2.1052631578947367
0.27631578947368424	2.013157894736842
0.27631578947368424	2.513157894736842
0.34210526315789475	2.5526315789473686
0.40789473684210525	1.7105263157894737
0.3026315789473684	2.3947368421052633
0.2631578947368421	2.776315789473684
0.18421052631578946	3.460526315789474
0.13157894736842105	2.539473684210526
0.2631578947368421	1.5263157894736843
0.25	1.6578947368421053
0.3026315789473684	1.7894736842105263
0.25	1.605263157894737
0.32894736842105265	1.355263157894737
0.42105263157894735	1.9473684210526316
0.19736842105263158	1.6973684210526316
0.32894736842105265	2.8289473684210527
0.15789473684210525	1.6578947368421053
0.3157894736842105	1.4736842105263157
0.25	1.6842105263157894
