#Cluster17
1.3972602739726028	0.1643835616438356
1.3835616438356164	0.2054794520547945
1.1369863013698631	0.1095890410958904
1.4383561643835616	0.1232876712328767
1.4383561643835616	0.1095890410958904
1.1917808219178083	0.0547945205479452
1.4794520547945205	0.136986301369863
1.3013698630136987	0.0410958904109589
1.3013698630136987	0.0821917808219178
2.6164383561643834	0.136986301369863
1.4383561643835616	0.0958904109589041
1.8493150684931507	0.1232876712328767
2.2739726027397262	0.1232876712328767
1.5753424657534247	0.0958904109589041
1.6986301369863013	0.0821917808219178
1.452054794520548	0.0684931506849315
1.5616438356164384	0.1232876712328767
1.8493150684931507	0.1232876712328767
1.5753424657534247	0.0821917808219178
1.8767123287671232	0.136986301369863
1.63013698630137	0.1643835616438356
1.273972602739726	0.0547945205479452
1.6164383561643836	0.0821917808219178
1.6986301369863013	0.0684931506849315
1.1095890410958904	0.1643835616438356
1.9315068493150684	0.1095890410958904
1.6712328767123288	0.0821917808219178
1.8082191780821917	0.0684931506849315
2.191780821917808	0.136986301369863
1.5753424657534247	0.136986301369863
1.7945205479452055	0.0410958904109589
1.904109589041096	0.0821917808219178
1.6712328767123288	0.1232876712328767
2.3013698630136985	0.1232876712328767
3.2465753424657535	0.1095890410958904
1.7945205479452055	0.1095890410958904
1.7808219178082192	0.2054794520547945
2.4383561643835616	0.0821917808219178
2.1095890410958904	0.1232876712328767
1.8493150684931507	0.2054794520547945
1.9589041095890412	0.0958904109589041
2.0547945205479454	0.1506849315068493
1.9589041095890412	0.136986301369863
2.0547945205479454	0.1232876712328767
3.7260273972602738	0.1643835616438356
2.3972602739726026	0.0958904109589041
2.4657534246575343	0.1506849315068493
3.904109589041096	0.1232876712328767
3.863013698630137	0.1643835616438356
5.3561643835616435	0.2191780821917808
6.616438356164384	0.2191780821917808
4.465753424657534	0.1917808219178082
4.013698630136986	0.2191780821917808
3.671232876712329	0.0821917808219178
4.027397260273973	0.1506849315068493
4.821917808219178	0.1917808219178082
7.945205479452055	0.136986301369863
9.178082191780822	0.1643835616438356
17.356164383561644	0.1506849315068493
23.315068493150687	0.136986301369863
28.958904109589042	0.1506849315068493
30.71232876712329	0.1506849315068493
22.958904109589042	0.0410958904109589
29.73972602739726	0.1643835616438356
27.0	0.2465753424657534
21.0	0.1917808219178082
11.547945205479452	0.3972602739726027
6.917808219178082	0.5342465753424658
2.835616438356164	0.7123287671232876
3.2465753424657535	1.1643835616438356
2.0273972602739727	3.712328767123288
0.6301369863013698	5.602739726027397
0.8082191780821918	3.5205479452054793
0.958904109589041	2.410958904109589
0.8904109589041096	1.3972602739726028
1.4657534246575343	1.2465753424657535
1.3972602739726028	1.4109589041095891
1.0547945205479452	1.726027397260274
0.5342465753424658	1.7808219178082192
0.4657534246575342	3.808219178082192
0.273972602739726	7.054794520547945
0.136986301369863	6.027397260273973
0.273972602739726	7.589041095890411
0.273972602739726	7.013698630136986
0.2465753424657534	6.780821917808219
0.2054794520547945	7.506849315068493
0.1506849315068493	8.26027397260274
0.2191780821917808	11.452054794520548
0.136986301369863	18.89041095890411
0.1780821917808219	18.54794520547945
0.2054794520547945	9.67123287671233
0.1917808219178082	8.506849315068493
0.1917808219178082	8.58904109589041
0.3013698630136986	7.027397260273973
0.1917808219178082	6.739726027397261
0.1095890410958904	8.808219178082192
0.2328767123287671	11.73972602739726
0.1643835616438356	13.753424657534246
0.2465753424657534	9.164383561643836
0.273972602739726	7.232876712328767
0.2054794520547945	3.9726027397260273
0.0958904109589041	2.684931506849315
0.1917808219178082	2.0821917808219177
0.1643835616438356	2.1232876712328768
0.1780821917808219	2.1232876712328768
0.1643835616438356	2.0684931506849313
0.2054794520547945	2.164383561643836
0.1917808219178082	2.136986301369863
0.1095890410958904	2.2465753424657535
0.2054794520547945	2.7534246575342465
0.2191780821917808	2.287671232876712
0.2054794520547945	2.2054794520547945
0.1780821917808219	2.1095890410958904
0.1506849315068493	2.095890410958904
0.2054794520547945	1.4383561643835616
0.1780821917808219	1.8356164383561644
0.1917808219178082	2.041095890410959
0.1780821917808219	1.5068493150684932
0.2054794520547945	1.643835616438356
0.1917808219178082	1.6164383561643836
0.2328767123287671	1.2876712328767124
0.2191780821917808	1.4657534246575343
0.1232876712328767	1.4383561643835616
0.2876712328767123	1.7671232876712328
0.0958904109589041	2.3424657534246576
0.0547945205479452	1.2054794520547945
0.1506849315068493	1.6849315068493151
0.136986301369863	1.6849315068493151
0.1643835616438356	1.3972602739726028
0.2328767123287671	1.643835616438356
0.1643835616438356	1.5342465753424657
0.3150684931506849	1.5753424657534247
0.1095890410958904	2.9178082191780823
0.2191780821917808	1.4246575342465753
0.1643835616438356	1.6986301369863013
0.1917808219178082	1.3013698630136987
0.1232876712328767	1.5890410958904109
0.2191780821917808	1.643835616438356
0.2191780821917808	1.3287671232876712
0.1780821917808219	1.1643835616438356
0.1780821917808219	1.643835616438356
0.1506849315068493	1.356164383561644
0.2191780821917808	1.4657534246575343
0.2602739726027397	1.3972602739726028
0.1643835616438356	1.4383561643835616
0.2054794520547945	1.1369863013698631
0.1780821917808219	1.36986301369863
0.1643835616438356	1.2602739726027397
0.1232876712328767	1.2876712328767124
0.2465753424657534	1.178082191780822
0.2465753424657534	1.0684931506849316
