#Cluster0
0.8666666666666667	0.24444444444444444
0.5777777777777777	0.2
0.7777777777777778	0.35555555555555557
0.9111111111111111	0.3111111111111111
1.3333333333333333	0.26666666666666666
0.8444444444444444	0.7111111111111111
0.9555555555555556	0.08888888888888889
1.3111111111111111	0.3111111111111111
1.0666666666666667	0.37777777777777777
0.7111111111111111	0.3111111111111111
1.0	0.2
0.37777777777777777	0.2
1.0666666666666667	0.17777777777777778
0.4	0.6222222222222222
0.9333333333333333	0.13333333333333333
0.4222222222222222	0.4666666666666667
0.7333333333333333	1.2
0.4	0.28888888888888886
0.8	0.4444444444444444
0.7777777777777778	0.9777777777777777
0.4888888888888889	0.15555555555555556
0.5777777777777777	0.24444444444444444
0.6222222222222222	0.4222222222222222
0.8	0.5777777777777777
0.4666666666666667	0.3333333333333333
0.4222222222222222	0.4444444444444444
0.8222222222222222	0.13333333333333333
1.2222222222222223	0.3111111111111111
2.466666666666667	0.4666666666666667
0.9111111111111111	0.37777777777777777
1.1555555555555554	0.24444444444444444
0.8444444444444444	0.2
1.4666666666666666	0.17777777777777778
0.9777777777777777	0.37777777777777777
1.9555555555555555	0.4222222222222222
1.0888888888888888	0.3333333333333333
4.488888888888889	0.17777777777777778
2.4444444444444446	0.4
1.8222222222222222	0.4
1.9333333333333333	0.26666666666666666
2.6	0.4444444444444444
4.088888888888889	0.4666666666666667
2.488888888888889	0.2222222222222222
2.888888888888889	0.4888888888888889
0.9111111111111111	0.3333333333333333
1.0888888888888888	0.2
0.8	0.3333333333333333
1.3111111111111111	0.5111111111111111
0.5777777777777777	0.7333333333333333
1.2444444444444445	0.3111111111111111
2.1333333333333333	0.6222222222222222
1.711111111111111	1.288888888888889
1.9333333333333333	0.6666666666666666
2.1555555555555554	0.4666666666666667
2.511111111111111	0.5111111111111111
2.533333333333333	0.6
2.933333333333333	0.37777777777777777
1.8222222222222222	0.5333333333333333
2.6222222222222222	0.3111111111111111
6.355555555555555	0.4222222222222222
12.044444444444444	0.5333333333333333
5.355555555555555	0.35555555555555557
3.1333333333333333	0.3333333333333333
2.911111111111111	0.35555555555555557
2.6	0.6666666666666666
2.422222222222222	0.5111111111111111
1.4	0.35555555555555557
1.4	0.6444444444444445
1.2444444444444445	0.4444444444444444
1.5555555555555556	0.5555555555555556
2.6222222222222222	0.7555555555555555
0.9777777777777777	1.2444444444444445
1.6	0.5333333333333333
1.711111111111111	0.6
2.0	1.0444444444444445
1.9777777777777779	0.7777777777777778
1.511111111111111	0.4888888888888889
1.8444444444444446	0.6
1.6222222222222222	0.5777777777777777
3.111111111111111	0.7555555555555555
3.9555555555555557	1.4
3.2888888888888888	1.4444444444444444
3.022222222222222	2.6444444444444444
2.422222222222222	3.088888888888889
1.6444444444444444	4.0
1.511111111111111	6.511111111111111
1.8222222222222222	5.266666666666667
0.7555555555555555	6.844444444444444
0.7777777777777778	6.911111111111111
0.6666666666666666	6.5777777777777775
0.4	8.866666666666667
0.2222222222222222	10.022222222222222
0.26666666666666666	7.5777777777777775
0.28888888888888886	7.044444444444444
0.17777777777777778	4.822222222222222
0.17777777777777778	2.311111111111111
0.08888888888888889	1.9555555555555555
0.08888888888888889	1.3777777777777778
0.08888888888888889	1.4
0.28888888888888886	1.6888888888888889
0.06666666666666667	1.2444444444444445
0.0	0.8444444444444444
0.2222222222222222	1.0444444444444445
0.26666666666666666	1.3777777777777778
0.08888888888888889	1.6222222222222222
0.08888888888888889	0.8222222222222222
0.06666666666666667	1.4666666666666666
0.1111111111111111	1.3777777777777778
0.17777777777777778	1.2444444444444445
0.022222222222222223	1.7333333333333334
0.0	1.3777777777777778
0.0	2.3555555555555556
0.044444444444444446	2.022222222222222
0.022222222222222223	3.5555555555555554
0.1111111111111111	2.6
0.06666666666666667	1.7333333333333334
0.044444444444444446	2.9555555555555557
0.2222222222222222	0.9333333333333333
0.0	1.8
0.044444444444444446	1.6222222222222222
0.0	1.6444444444444444
0.0	0.9777777777777777
0.0	1.1333333333333333
0.0	1.488888888888889
0.1111111111111111	1.3111111111111111
0.022222222222222223	0.7777777777777778
0.0	1.3333333333333333
0.022222222222222223	0.7333333333333333
0.0	1.1111111111111112
0.0	0.6888888888888889
0.08888888888888889	0.5555555555555556
0.08888888888888889	0.5555555555555556
0.0	1.288888888888889
0.044444444444444446	1.288888888888889
0.06666666666666667	0.5333333333333333
0.0	0.8222222222222222
0.0	0.9333333333333333
0.0	0.5555555555555556
0.06666666666666667	0.5555555555555556
0.06666666666666667	0.4444444444444444
0.06666666666666667	0.6666666666666666
0.13333333333333333	0.5111111111111111
0.0	2.7555555555555555
0.0	0.7333333333333333
0.06666666666666667	0.9555555555555556
0.0	1.0888888888888888
0.0	0.9333333333333333
0.0	0.4222222222222222
0.022222222222222223	0.8666666666666667
0.06666666666666667	0.6222222222222222
0.022222222222222223	0.6222222222222222
