#Cluster11
0.4074074074074074	0.0
0.3148148148148148	0.0
0.5370370370370371	0.018518518518518517
0.4074074074074074	0.018518518518518517
0.42592592592592593	0.0
0.3888888888888889	0.07407407407407407
0.2777777777777778	0.037037037037037035
0.6296296296296297	0.0
0.24074074074074073	0.05555555555555555
0.2037037037037037	0.018518518518518517
0.6851851851851852	0.05555555555555555
0.46296296296296297	0.0
0.46296296296296297	0.018518518518518517
1.0555555555555556	0.07407407407407407
0.3148148148148148	0.05555555555555555
0.2962962962962963	0.05555555555555555
0.5555555555555556	0.0
0.2037037037037037	0.037037037037037035
0.9259259259259259	0.037037037037037035
0.5740740740740741	0.4074074074074074
0.5185185185185185	0.018518518518518517
0.6111111111111112	0.05555555555555555
0.5555555555555556	0.05555555555555555
0.6111111111111112	0.09259259259259259
0.6111111111111112	0.037037037037037035
0.5370370370370371	0.07407407407407407
0.5925925925925926	0.0
0.7037037037037037	0.0
0.35185185185185186	0.14814814814814814
0.5185185185185185	0.09259259259259259
0.5740740740740741	0.0
0.46296296296296297	0.09259259259259259
0.5555555555555556	0.018518518518518517
0.7962962962962963	0.05555555555555555
0.8333333333333334	0.09259259259259259
0.7222222222222222	0.05555555555555555
0.42592592592592593	0.07407407407407407
1.0	0.05555555555555555
0.7407407407407407	0.07407407407407407
0.5555555555555556	0.018518518518518517
0.6296296296296297	0.037037037037037035
1.037037037037037	0.0
0.6481481481481481	0.1111111111111111
1.2037037037037037	0.1111111111111111
0.8518518518518519	0.037037037037037035
0.6666666666666666	0.7037037037037037
1.0740740740740742	0.0
1.0740740740740742	0.018518518518518517
0.6851851851851852	0.09259259259259259
0.9629629629629629	0.09259259259259259
0.8888888888888888	0.037037037037037035
1.5185185185185186	0.07407407407407407
0.9444444444444444	0.16666666666666666
1.3333333333333333	0.18518518518518517
1.0925925925925926	0.12962962962962962
1.3703703703703705	0.07407407407407407
1.1111111111111112	0.05555555555555555
2.240740740740741	0.05555555555555555
2.3518518518518516	0.18518518518518517
4.203703703703703	0.12962962962962962
7.074074074074074	0.12962962962962962
3.2222222222222223	0.16666666666666666
3.074074074074074	0.2777777777777778
3.5555555555555554	0.25925925925925924
1.0740740740740742	0.4074074074074074
1.5	0.3888888888888889
2.3333333333333335	0.4074074074074074
2.3703703703703702	0.5370370370370371
1.5185185185185186	0.5370370370370371
1.1296296296296295	0.42592592592592593
0.8518518518518519	0.3148148148148148
0.8148148148148148	0.5925925925925926
0.6481481481481481	0.2962962962962963
0.3888888888888889	0.3148148148148148
0.5370370370370371	0.4074074074074074
0.7037037037037037	0.3148148148148148
1.1296296296296295	0.2777777777777778
1.1111111111111112	0.2777777777777778
0.35185185185185186	0.4074074074074074
0.37037037037037035	0.3888888888888889
0.2222222222222222	0.48148148148148145
0.5555555555555556	0.7222222222222222
0.6296296296296297	0.5
1.0555555555555556	0.4444444444444444
0.7592592592592593	0.37037037037037035
1.6481481481481481	0.3888888888888889
1.1666666666666667	0.37037037037037035
1.0925925925925926	0.5185185185185185
2.4074074074074074	0.7777777777777778
1.2962962962962963	2.2222222222222223
1.3148148148148149	2.3703703703703702
0.9814814814814815	2.9814814814814814
1.0185185185185186	3.111111111111111
0.5740740740740741	3.9814814814814814
0.7592592592592593	2.1481481481481484
0.25925925925925924	5.685185185185185
0.3148148148148148	9.537037037037036
0.09259259259259259	14.185185185185185
0.2037037037037037	8.796296296296296
0.14814814814814814	5.296296296296297
0.018518518518518517	2.6666666666666665
0.14814814814814814	2.1296296296296298
0.09259259259259259	1.8148148148148149
0.07407407407407407	0.8703703703703703
0.09259259259259259	0.9444444444444444
0.1111111111111111	1.1481481481481481
0.05555555555555555	0.7592592592592593
0.14814814814814814	1.0185185185185186
0.037037037037037035	0.7222222222222222
0.018518518518518517	0.5185185185185185
0.018518518518518517	0.9629629629629629
0.037037037037037035	0.8703703703703703
0.0	0.7407407407407407
0.037037037037037035	0.6666666666666666
0.16666666666666666	0.3888888888888889
0.09259259259259259	0.9629629629629629
0.037037037037037035	0.9074074074074074
0.05555555555555555	0.5925925925925926
0.07407407407407407	0.6296296296296297
0.0	0.5740740740740741
0.0	0.5555555555555556
0.018518518518518517	0.6296296296296297
0.09259259259259259	0.7962962962962963
0.018518518518518517	0.48148148148148145
0.0	0.6296296296296297
0.018518518518518517	0.3888888888888889
0.0	0.5925925925925926
0.037037037037037035	1.037037037037037
0.018518518518518517	0.5
0.018518518518518517	0.6296296296296297
0.0	0.2962962962962963
0.018518518518518517	1.3518518518518519
0.037037037037037035	0.14814814814814814
0.037037037037037035	0.4444444444444444
0.0	0.48148148148148145
0.018518518518518517	0.5
0.05555555555555555	0.18518518518518517
0.018518518518518517	0.42592592592592593
0.018518518518518517	0.37037037037037035
0.0	0.2222222222222222
0.07407407407407407	0.48148148148148145
0.0	0.5555555555555556
0.037037037037037035	0.2777777777777778
0.018518518518518517	0.46296296296296297
0.018518518518518517	0.3888888888888889
0.0	0.3148148148148148
0.018518518518518517	0.7037037037037037
0.037037037037037035	0.5
0.018518518518518517	0.48148148148148145
0.018518518518518517	0.3888888888888889
0.018518518518518517	0.35185185185185186
