### ChExMix output
#Replicate	ParentCond	Name	Index	SigCount	CtrlCount	CtrlScaling	SignalFraction
#Replicate	SAMPLE	SAMPLE:1	0	990738.0	291723.0	2.854	0.592
#
#Point	SAMPLE:1_Sig	SAMPLE:1_Ctrl	SAMPLE:1_log2Fold	SAMPLE:1_log2Q
chrec2:3695173	6658.2	510.2	2.193	-Infinity
chrec2:3601451	5438.6	428.1	2.154	-Infinity
chrec2:3470323	5409.5	428.3	2.146	-Infinity
chrec2:3461306	5383.7	467.7	2.012	-Infinity
chrec2:3318232	5306.7	338.6	2.457	-Infinity
chrec2:3458333	5162.1	235.4	2.942	-Infinity
chrec2:3322449	5037.6	641.7	1.460	-Infinity
chrec2:3586786	5032.7	270.7	2.704	-Infinity
chrec2:4211361	4793.0	388.7	2.111	-Infinity
chrec2:3931711	4515.2	346.2	2.192	-Infinity
chrec2:4429697	4353.4	142.1	3.424	-Infinity
chrec2:259486	4160.2	243.8	2.580	-Infinity
chrec2:4186969	4029.0	434.8	1.699	-Infinity
chrec2:223477	4021.0	434.3	1.698	-Infinity
chrec2:3828595	3887.3	286.9	2.247	-Infinity
chrec2:3756186	3860.0	235.0	2.525	-Infinity
chrec2:1032146	3828.0	258.4	2.376	-Infinity
chrec2:2730113	3642.4	298.7	2.095	-Infinity
chrec2:2754239	3475.3	249.8	2.285	-Infinity
chrec2:4165789	3453.0	192.0	2.656	-Infinity
chrec2:4039405	3367.3	218.2	2.435	-Infinity
chrec2:3428826	3133.4	270.4	2.022	-Infinity
chrec2:4501056	3037.6	166.9	2.672	-Infinity
chrec2:3109875	3014.6	88.6	3.576	-Infinity
chrec2:1051138	2940.1	101.8	3.339	-Infinity
chrec2:3920530	2900.0	228.8	2.151	-Infinity
chrec2:2619572	2887.5	57.0	4.149	-Infinity
chrec2:3377428	2846.7	135.7	2.878	-Infinity
chrec2:4577012	2783.2	171.6	2.507	-Infinity
chrec2:3209368	2652.4	175.8	2.403	-Infinity
chrec2:4335008	2449.7	138.0	2.637	-Infinity
chrec2:1802539	2422.7	151.1	2.490	-Infinity
chrec2:3378671	2356.7	138.5	2.575	-Infinity
chrec2:259390	2278.8	125.2	2.673	-Infinity
chrec2:2273156	2245.0	73.3	3.424	-Infinity
chrec2:2809396	2099.4	58.0	3.665	-Infinity
chrec2:1620799	2025.1	80.9	3.133	-Infinity
chrec2:4624241	2524.6	177.4	2.318	-1056.476
chrec2:2946032	3982.1	447.6	1.640	-1052.675
chrec2:3920507	2848.0	236.4	2.077	-1040.118
chrec2:4396983	6291.6	982.0	1.167	-991.304
chrec2:3214247	1930.5	99.4	2.766	-990.951
chrec2:21128	2774.6	236.4	2.040	-989.870
chrec2:4367314	2918.6	264.1	1.953	-983.319
chrec2:4192188	2339.7	164.0	2.322	-980.551
chrec2:2632843	1814.2	86.8	2.872	-969.521
chrec2:122032	1784.2	82.5	2.921	-969.089
chrec2:189706	1811.3	90.0	2.817	-946.054
chrec2:2632766	1530.0	55.1	3.282	-930.834
chrec2:4380329	1483.2	49.9	3.380	-927.181
chrec2:2285767	1779.9	92.7	2.750	-907.397
chrec2:16934	1667.2	83.1	2.813	-869.850
chrec2:697595	3247.1	364.3	1.643	-860.926
chrec2:2064379	2707.6	263.7	1.847	-846.068
chrec2:106505	2476.2	225.7	1.943	-827.388
chrec2:3509775	1710.5	99.5	2.590	-814.784
chrec2:1170577	1524.0	74.5	2.841	-804.523
chrec2:1301015	1403.1	58.3	3.076	-802.425
chrec2:1624620	1620.6	90.1	2.655	-793.954
chrec2:262055	3858.9	519.7	1.379	-789.729
chrec2:21215	1960.6	150.6	2.189	-766.232
chrec2:2060257	2339.9	218.2	1.910	-765.155
chrec2:490529	1068.7	24.4	3.941	-759.041
chrec2:3167216	1338.9	57.0	3.041	-757.912
chrec2:926439	2497.8	250.5	1.805	-756.560
chrec2:4477237	1088.7	27.2	3.810	-753.560
chrec2:3333378	2329.8	226.1	1.852	-730.521
chrec2:3385319	1268.2	52.5	3.082	-727.445
chrec2:563915	1306.9	61.4	2.898	-703.809
chrec2:3670536	1585.8	103.0	2.431	-701.942
chrec2:2997729	2120.9	198.4	1.905	-690.852
chrec2:2289533	1901.7	161.4	2.046	-681.240
chrec2:2662055	1512.0	97.1	2.448	-675.390
chrec2:1302389	1725.6	135.1	2.162	-663.636
chrec2:1759104	1405.5	84.4	2.545	-658.320
chrec2:3034987	1182.6	55.0	2.913	-639.008
chrec2:3457065	2439.6	279.1	1.615	-631.460
chrec2:856350	912.3	23.6	3.762	-623.465
chrec2:962135	1070.6	46.3	3.018	-599.799
chrec2:2167724	886.7	24.0	3.696	-598.331
chrec2:1644128	1059.3	45.5	3.029	-598.059
chrec2:3410095	998.7	37.6	3.217	-596.591
chrec2:2614591	900.0	26.3	3.585	-590.821
chrec2:2923704	1090.7	51.1	2.903	-589.578
chrec2:1020608	1309.6	86.4	2.409	-575.085
chrec2:3903157	1071.9	52.1	2.848	-567.943
chrec2:3311647	1439.9	110.0	2.197	-565.670
chrec2:4410719	1053.6	50.6	2.866	-561.488
chrec2:121683	818.1	21.1	3.766	-559.274
chrec2:607011	882.4	30.3	3.350	-546.919
chrec2:4501086	1039.4	51.6	2.819	-543.298
chrec2:528239	970.3	42.7	2.993	-541.645
chrec2:4059404	853.1	28.0	3.416	-540.202
chrec2:1085288	842.4	26.8	3.462	-537.411
chrec2:3318159	2166.7	257.5	1.560	-533.916
chrec2:3209295	972.6	46.2	2.883	-522.249
chrec2:400913	835.7	28.4	3.365	-518.752
chrec2:3654327	5019.6	942.3	0.900	-517.130
chrec2:3164675	979.1	48.7	2.815	-510.936
chrec2:2316411	1176.7	79.7	2.372	-506.961
chrec2:2536735	911.3	40.3	2.986	-504.978
chrec2:2089404	848.7	33.0	3.174	-498.893
chrec2:113385	1289.3	100.5	2.169	-498.602
chrec2:3635494	1230.5	92.4	2.222	-490.422
chrec2:3756307	854.2	35.5	3.074	-488.136
chrec2:4031301	1000.4	56.2	2.640	-487.438
chrec2:2418689	847.0	34.7	3.095	-486.757
chrec2:1215681	738.2	23.5	3.463	-473.290
chrec2:433830	741.8	23.8	3.446	-469.924
chrec2:1289249	1716.4	191.0	1.655	-459.684
chrec2:919529	907.6	48.3	2.719	-458.074
chrec2:2471744	1068.6	73.3	2.354	-455.154
chrec2:675274	748.4	27.4	3.258	-451.404
chrec2:2061972	1792.8	209.9	1.581	-449.571
chrec2:2946066	1654.9	182.4	1.669	-449.333
chrec2:1153156	844.1	40.8	2.856	-448.121
chrec2:3054624	1390.7	132.6	1.878	-444.934
chrec2:4277668	1432.5	140.8	1.834	-444.419
chrec2:2344133	873.5	45.7	2.744	-443.754
chrec2:3109012	1409.2	137.1	1.848	-440.913
chrec2:3340104	886.8	49.0	2.666	-437.761
chrec2:3650241	1196.4	100.7	2.058	-431.619
chrec2:657678	813.2	39.3	2.857	-431.138
chrec2:1630039	684.7	22.4	3.418	-430.615
chrec2:1167551	883.4	49.8	2.636	-429.093
chrec2:3470203	5223.8	1067.4	0.778	-420.077
chrec2:2744916	1202.9	105.2	2.003	-419.010
chrec2:3601331	5391.3	1115.6	0.760	-415.821
chrec2:3943673	821.1	44.4	2.694	-410.152
chrec2:4048038	724.7	31.4	3.015	-407.168
chrec2:2523709	2067.3	287.0	1.335	-403.185
chrec2:3353901	1012.1	77.3	2.197	-397.626
chrec2:4260686	691.6	29.4	3.045	-392.829
chrec2:416320	740.3	35.9	2.853	-392.248
chrec2:2817363	2447.4	379.6	1.176	-391.230
chrec2:2721318	832.6	50.5	2.531	-386.025
chrec2:3348264	690.5	32.2	2.910	-374.903
chrec2:2046668	1563.2	189.6	1.530	-374.229
chrec2:1875918	582.9	18.8	3.441	-370.694
chrec2:4576818	525.3	12.8	3.851	-365.436
chrec2:706479	605.5	22.5	3.239	-362.736
chrec2:1148362	864.6	62.2	2.283	-356.519
chrec2:1994326	3440.4	648.3	0.895	-351.429
chrec2:695418	518.2	14.2	3.678	-347.876
chrec2:475640	1120.4	110.7	1.827	-346.231
chrec2:3183383	866.7	65.0	2.224	-345.814
chrec2:2155764	644.0	31.0	2.862	-342.790
chrec2:453437	524.5	16.1	3.513	-340.671
chrec2:1721520	728.1	44.1	2.532	-340.231
chrec2:3710206	716.2	42.4	2.566	-339.837
chrec2:1792970	455.5	8.6	4.222	-338.418
chrec2:2765287	735.7	45.3	2.509	-337.885
chrec2:379132	852.9	65.1	2.198	-335.827
chrec2:2627916	931.0	79.0	2.046	-333.924
chrec2:2526360	2314.3	383.3	1.081	-323.282
chrec2:4409348	623.8	31.7	2.786	-322.689
chrec2:989460	602.1	29.6	2.832	-316.881
chrec2:1727718	456.5	12.0	3.731	-309.353
chrec2:669653	523.9	20.4	3.169	-308.031
chrec2:3308556	1403.2	180.8	1.443	-308.002
chrec2:3756525	565.5	26.1	2.924	-307.230
chrec2:3992360	706.5	47.4	2.385	-305.969
chrec2:2598458	533.0	21.7	3.103	-305.752
chrec2:3054145	707.7	48.3	2.360	-304.235
chrec2:1493842	527.3	22.3	3.050	-300.203
chrec2:1757175	508.5	19.8	3.167	-299.989
chrec2:454211	578.0	29.2	2.796	-299.584
chrec2:440686	459.9	13.8	3.544	-299.435
chrec2:2908377	971.0	96.0	1.825	-298.681
chrec2:3145432	647.2	40.7	2.477	-293.217
chrec2:2729994	4260.1	913.1	0.709	-291.910
chrec2:222732	598.3	34.5	2.602	-287.115
chrec2:780926	1336.0	176.0	1.411	-284.017
chrec2:2557618	472.8	18.0	3.201	-281.079
chrec2:3671039	833.8	75.8	1.947	-280.242
chrec2:1748123	1729.4	267.6	1.179	-278.895
chrec2:4462573	490.7	21.1	3.025	-275.191
chrec2:1804469	507.5	24.5	2.861	-271.090
chrec2:1492483	556.3	33.0	2.564	-261.734
chrec2:883935	388.9	11.2	3.605	-258.144
chrec2:1745083	453.2	19.6	3.019	-256.137
chrec2:506414	429.0	16.7	3.174	-253.055
chrec2:1964350	322.5	4.7	4.581	-252.972
chrec2:660730	383.8	11.4	3.566	-251.083
chrec2:1110837	507.3	28.1	2.661	-248.948
chrec2:553721	440.2	19.1	3.011	-246.702
chrec2:4201731	548.6	35.2	2.447	-246.074
chrec2:3623810	447.7	20.7	2.919	-241.910
chrec2:3804224	529.7	33.2	2.483	-241.841
chrec2:2526381	3335.4	704.0	0.731	-241.470
chrec2:2027442	485.9	26.7	2.670	-239.894
chrec2:3992111	591.8	43.9	2.239	-238.116
chrec2:3725110	1694.0	280.8	1.080	-236.985
chrec2:873322	390.4	14.1	3.277	-236.313
chrec2:3085217	623.6	50.0	2.128	-236.053
chrec2:4237313	356.8	10.3	3.597	-235.311
chrec2:4002810	451.0	23.4	2.756	-231.167
chrec2:4061655	332.4	8.1	3.843	-229.620
chrec2:1990147	803.6	85.6	1.717	-227.969
chrec2:3109049	1045.5	135.8	1.432	-227.875
chrec2:2538943	462.8	26.3	2.626	-225.584
chrec2:255905	681.3	63.3	1.916	-224.335
chrec2:1153090	391.9	16.3	3.072	-224.296
chrec2:3695054	4088.6	932.7	0.619	-220.757
chrec2:1735855	415.6	20.6	2.819	-218.829
chrec2:3270454	576.9	46.1	2.133	-218.722
chrec2:4611122	3187.6	683.8	0.708	-218.623
chrec2:3627575	363.1	13.4	3.245	-218.066
chrec2:1016917	454.5	26.3	2.597	-216.794
chrec2:3863990	415.0	21.4	2.766	-214.097
chrec2:2045710	553.7	43.2	2.166	-213.997
chrec2:496348	387.5	17.8	2.933	-212.419
chrec2:2797201	407.3	20.6	2.789	-212.423
chrec2:2046704	1085.8	151.3	1.331	-211.864
chrec2:2062011	1058.6	145.3	1.352	-211.775
chrec2:2316377	330.6	10.9	3.415	-210.023
chrec2:1910517	411.9	21.6	2.741	-209.799
chrec2:3714204	502.5	36.3	2.277	-207.237
chrec2:3645688	635.2	59.8	1.896	-206.577
chrec2:480096	339.7	12.5	3.251	-205.581
chrec2:3508065	333.2	11.6	3.333	-204.371
chrec2:2283884	392.8	19.8	2.795	-204.349
chrec2:2923182	1086.6	155.5	1.292	-202.831
chrec2:990844	314.4	10.0	3.457	-201.195
chrec2:113326	564.6	48.4	2.030	-200.170
chrec2:2316181	538.1	44.5	2.084	-199.296
chrec2:3518263	479.2	34.2	2.296	-199.042
chrec2:2116487	475.4	33.6	2.307	-197.674
chrec2:1219363	387.2	20.0	2.763	-197.625
chrec2:2100475	604.2	56.5	1.906	-197.409
chrec2:4645296	627.7	61.3	1.844	-197.223
chrec2:1436306	416.6	24.6	2.567	-196.399
chrec2:2660851	446.0	29.5	2.404	-195.387
chrec2:771696	379.0	19.5	2.766	-195.134
chrec2:1927006	608.0	57.8	1.882	-195.138
chrec2:1707454	341.7	14.1	3.086	-195.087
chrec2:3654291	2142.5	422.0	0.831	-194.285
chrec2:1703907	407.1	24.1	2.566	-193.022
chrec2:1332527	340.9	14.6	3.028	-192.912
chrec2:2562763	421.3	26.6	2.472	-192.353
chrec2:491273	396.4	22.5	2.628	-191.683
chrec2:2724473	467.5	34.3	2.256	-191.109
chrec2:2092107	489.2	38.2	2.166	-188.368
chrec2:4523055	569.0	52.8	1.916	-188.113
chrec2:4009495	334.2	15.0	2.965	-185.816
chrec2:927113	310.7	11.9	3.199	-185.696
chrec2:1742912	537.7	47.8	1.979	-185.298
chrec2:2652128	395.5	24.0	2.531	-183.819
chrec2:424203	303.5	10.9	3.284	-183.587
chrec2:89603	606.0	61.3	1.792	-182.082
chrec2:3915055	434.4	31.0	2.295	-180.221
chrec2:2054146	337.8	16.2	2.870	-180.016
chrec2:3550704	348.7	18.1	2.756	-178.988
chrec2:2115388	481.0	39.8	2.083	-177.169
chrec2:4154463	394.8	25.6	2.437	-177.017
chrec2:1927021	485.9	40.9	2.059	-176.520
chrec2:3819038	376.4	22.6	2.547	-176.247
chrec2:3085073	432.0	31.7	2.253	-175.731
chrec2:1097927	970.4	141.3	1.267	-175.280
chrec2:4267868	342.2	18.1	2.724	-174.233
chrec2:853138	399.4	26.9	2.379	-174.202
chrec2:3245288	379.3	23.8	2.481	-174.135
chrec2:2473279	491.6	42.7	2.012	-173.937
chrec2:3742847	355.7	20.2	2.627	-173.292
chrec2:4399860	240.0	5.2	4.005	-173.232
chrec2:4545262	267.6	8.3	3.491	-173.138
chrec2:141354	384.7	24.6	2.455	-172.115
chrec2:4472037	1041.2	159.4	1.194	-171.435
chrec2:3725051	567.3	57.7	1.785	-170.154
chrec2:2746513	327.3	16.5	2.799	-169.232
chrec2:1997539	434.5	33.9	2.168	-169.037
chrec2:131512	343.3	19.1	2.654	-168.649
chrec2:4438731	344.7	19.4	2.639	-168.383
chrec2:4545371	467.9	39.6	2.049	-168.300
chrec2:3379982	243.9	6.2	3.791	-168.095
chrec2:3846483	425.3	32.2	2.208	-167.788
chrec2:4297959	277.7	10.3	3.241	-167.096
chrec2:2268673	248.7	6.8	3.680	-167.026
chrec2:2197598	318.2	16.1	2.796	-166.777
chrec2:3992353	410.4	30.4	2.243	-166.698
chrec2:2466686	213.7	3.3	4.503	-165.411
chrec2:3594285	356.7	21.7	2.523	-164.495
chrec2:3686391	1010.9	156.1	1.182	-164.372
chrec2:3818340	551.9	56.9	1.765	-163.058
chrec2:1352844	408.1	30.5	2.228	-163.055
chrec2:3756448	244.4	6.7	3.673	-162.626
chrec2:3475853	227.4	5.2	3.938	-162.416
chrec2:3578306	787.8	107.4	1.362	-159.752
chrec2:3400988	384.4	27.5	2.294	-159.343
chrec2:4121030	302.2	14.8	2.839	-159.061
chrec2:3153858	259.9	9.2	3.304	-158.868
chrec2:4396229	298.3	14.7	2.833	-158.644
chrec2:1244712	242.7	7.1	3.590	-158.234
chrec2:4381480	441.3	37.6	2.041	-157.966
chrec2:831200	253.4	8.6	3.369	-157.702
chrec2:3193514	613.4	71.4	1.591	-157.088
chrec2:2662016	293.9	14.2	2.862	-156.624
chrec2:3617859	257.9	9.7	3.216	-154.828
chrec2:4114237	274.2	11.8	3.024	-154.821
chrec2:3403286	251.6	9.1	3.280	-154.437
chrec2:576463	228.3	6.0	3.734	-153.912
chrec2:4002974	267.1	11.0	3.087	-153.367
chrec2:153	603.1	70.7	1.579	-153.259
chrec2:771614	291.9	14.6	2.813	-153.036
chrec2:484939	334.8	20.7	2.502	-152.947
chrec2:3171155	247.2	8.7	3.315	-152.575
chrec2:3436507	472.4	45.2	1.873	-152.542
chrec2:274493	389.4	30.4	2.167	-151.765
chrec2:2536717	254.1	9.5	3.227	-151.475
chrec2:3446187	405.2	33.1	2.101	-150.951
chrec2:2188781	218.0	5.5	3.809	-150.587
chrec2:3384451	331.5	21.2	2.453	-149.763
chrec2:4297949	248.6	9.1	3.252	-148.711
chrec2:3688642	248.1	9.2	3.241	-148.715
chrec2:4640039	432.8	39.1	1.957	-147.392
chrec2:4505176	249.0	9.8	3.159	-147.264
chrec2:2711528	220.2	6.1	3.663	-146.872
chrec2:1294526	497.6	51.2	1.767	-146.805
chrec2:3148157	283.7	14.5	2.778	-146.668
chrec2:1148220	264.1	11.6	3.000	-146.626
chrec2:3176653	312.8	18.6	2.559	-146.542
chrec2:1907180	193.3	3.3	4.342	-146.051
chrec2:2967663	264.1	12.2	2.919	-145.360
chrec2:1739395	500.3	52.4	1.741	-145.337
chrec2:2557683	226.2	7.1	3.481	-144.355
chrec2:3823830	301.3	17.8	2.566	-144.138
chrec2:3054396	350.2	25.2	2.282	-143.950
chrec2:2643029	299.3	17.2	2.604	-143.605
chrec2:3108091	246.9	9.9	3.126	-143.372
chrec2:3938713	262.8	12.0	2.944	-142.928
chrec2:3055510	347.6	25.5	2.258	-142.512
chrec2:1675492	415.2	37.4	1.960	-141.826
chrec2:4443201	254.7	11.4	2.963	-141.366
chrec2:1722585	357.0	27.6	2.181	-140.046
chrec2:1401270	473.1	48.9	1.761	-139.735
chrec2:712380	252.9	11.4	2.955	-139.729
chrec2:1643434	436.0	42.0	1.863	-139.498
chrec2:3670478	394.9	35.0	1.985	-137.458
chrec2:4446005	443.2	44.0	1.820	-136.867
chrec2:2652439	454.4	46.3	1.783	-135.755
chrec2:2941346	1349.7	256.9	0.880	-135.720
chrec2:2070126	335.6	25.1	2.229	-135.383
chrec2:4610378	488.1	53.5	1.677	-134.756
chrec2:246529	312.7	21.6	2.341	-134.025
chrec2:2447100	751.8	110.8	1.249	-133.673
chrec2:17458	310.1	21.1	2.366	-133.405
chrec2:939792	231.6	9.7	3.061	-133.082
chrec2:1991775	207.1	6.6	3.456	-132.934
chrec2:485716	289.3	18.0	2.493	-132.486
chrec2:1018759	167.1	2.4	4.607	-132.099
chrec2:3038466	177.7	3.2	4.267	-131.382
chrec2:3234577	286.5	18.0	2.477	-130.213
chrec2:3039941	181.7	4.1	3.971	-129.837
chrec2:638092	274.0	16.3	2.555	-129.667
chrec2:4278753	415.4	40.8	1.834	-129.578
chrec2:160727	313.0	22.6	2.277	-129.382
chrec2:2740485	256.9	13.7	2.713	-129.127
chrec2:3974572	431.5	44.4	1.768	-128.801
chrec2:4056937	205.2	6.8	3.399	-128.732
chrec2:1031872	551.4	69.0	1.486	-128.493
chrec2:1030428	141.5	0.6	7.144	-128.480
chrec2:176551	353.7	30.0	2.044	-128.212
chrec2:4454374	271.7	16.4	2.534	-128.158
chrec2:4418797	206.2	7.3	3.305	-128.038
chrec2:2923965	186.1	4.7	3.802	-127.735
chrec2:926907	359.5	30.9	2.027	-127.627
chrec2:4490813	242.5	12.1	2.811	-127.617
chrec2:2481830	249.9	13.3	2.724	-127.402
chrec2:3760262	322.3	24.6	2.202	-126.926
chrec2:2698282	226.8	10.1	2.975	-126.850
chrec2:1118343	219.8	8.8	3.129	-126.702
chrec2:1328414	160.5	2.4	4.561	-126.545
chrec2:3237023	1002.9	175.5	1.002	-125.619
chrec2:2803414	356.0	30.9	2.012	-125.615
chrec2:2439445	321.7	25.1	2.165	-125.491
chrec2:3054203	316.0	24.2	2.193	-124.134
chrec2:651824	213.2	8.6	3.123	-123.909
chrec2:3740047	193.1	6.2	3.452	-123.360
chrec2:3721468	261.3	15.6	2.557	-123.245
chrec2:8183	355.3	31.9	1.966	-123.022
chrec2:2424667	170.8	3.6	4.037	-122.922
chrec2:1909325	239.1	12.4	2.755	-122.511
chrec2:21378	295.3	21.0	2.298	-122.504
chrec2:4072945	189.6	5.6	3.561	-122.430
chrec2:1873679	196.7	7.0	3.300	-121.919
chrec2:1310470	217.8	9.8	2.961	-121.588
chrec2:3283959	227.7	11.1	2.844	-121.532
chrec2:3855348	266.8	17.0	2.457	-120.990
chrec2:388984	192.8	6.4	3.399	-120.914
chrec2:1085335	253.1	14.8	2.586	-120.632
chrec2:2462337	240.1	13.3	2.663	-120.345
chrec2:4114077	447.6	50.3	1.640	-120.272
chrec2:2502219	186.1	5.8	3.491	-119.836
chrec2:2699177	246.7	14.1	2.613	-119.561
chrec2:4036087	279.9	19.5	2.334	-119.333
chrec2:1341893	248.4	14.6	2.575	-119.331
chrec2:3585647	270.5	18.0	2.397	-118.320
chrec2:1952338	260.8	16.6	2.458	-118.159
chrec2:450882	206.3	8.4	3.099	-118.121
chrec2:480024	337.0	29.5	1.999	-118.082
chrec2:439620	225.8	11.4	2.792	-117.981
chrec2:4162934	258.6	16.5	2.456	-115.903
chrec2:2715192	365.8	35.5	1.853	-115.363
chrec2:478517	145.1	2.0	4.685	-115.138
chrec2:4159206	209.8	9.6	2.933	-115.066
chrec2:4395111	209.7	9.7	2.928	-115.069
chrec2:1924783	161.8	3.6	3.978	-114.840
chrec2:3811612	288.7	21.8	2.214	-114.514
chrec2:4490723	257.8	16.9	2.414	-114.274
chrec2:1300017	213.3	10.5	2.838	-114.267
chrec2:3072493	259.2	17.5	2.375	-114.145
chrec2:3186076	283.3	21.1	2.232	-113.904
chrec2:2866768	264.4	18.5	2.323	-113.059
chrec2:431417	391.5	41.4	1.727	-112.365
chrec2:121696	177.1	5.9	3.397	-112.067
chrec2:2617467	247.4	16.1	2.428	-111.730
chrec2:3137281	179.2	6.1	3.358	-111.353
chrec2:461056	217.2	11.3	2.756	-110.831
chrec2:3638780	347.1	33.9	1.841	-110.404
chrec2:578145	209.3	10.3	2.837	-110.251
chrec2:2886013	248.0	16.3	2.413	-110.090
chrec2:3940273	230.0	13.3	2.595	-110.018
chrec2:2871563	229.5	13.6	2.563	-110.022
chrec2:2468883	193.1	8.1	3.067	-109.538
chrec2:3714148	286.8	22.9	2.136	-109.527
chrec2:1812601	155.9	3.8	3.833	-109.480
chrec2:4161884	250.5	17.1	2.362	-109.102
chrec2:4121255	315.7	28.1	1.977	-108.536
chrec2:1714393	164.1	4.8	3.584	-108.392
chrec2:3699529	238.8	15.1	2.470	-107.554
chrec2:3907666	297.9	25.5	2.032	-107.531
chrec2:3798638	197.2	9.4	2.874	-107.389
chrec2:507338	182.0	7.3	3.118	-106.960
chrec2:136935	181.3	7.1	3.152	-106.120
chrec2:775124	179.4	7.2	3.117	-105.281
chrec2:2489081	337.6	33.5	1.820	-105.204
chrec2:962277	350.5	36.6	1.746	-103.110
chrec2:853461	236.4	15.8	2.386	-102.795
chrec2:2500945	228.7	15.0	2.413	-102.450
chrec2:4480506	170.7	6.4	3.218	-102.218
chrec2:658392	175.6	7.3	3.077	-101.938
chrec2:967011	185.5	8.7	2.909	-101.706
chrec2:1849752	159.5	5.0	3.496	-101.486
chrec2:1657428	156.4	4.6	3.583	-101.400
chrec2:4197844	841.4	149.7	0.977	-101.259
chrec2:1146307	214.2	12.6	2.569	-101.249
chrec2:711256	246.5	17.9	2.269	-100.808
chrec2:4329873	187.3	9.0	2.873	-100.502
chrec2:2281758	136.3	2.5	4.239	-100.284
chrec2:2189185	184.2	8.5	2.930	-100.094
chrec2:1263760	273.4	23.0	2.060	-99.859
chrec2:29541	148.4	4.0	3.700	-99.616
chrec2:4541236	259.5	21.0	2.115	-99.126
chrec2:3991922	138.2	2.9	4.041	-99.097
chrec2:3238497	245.4	18.3	2.234	-98.611
chrec2:1092935	248.5	19.1	2.189	-98.531
chrec2:2984455	168.9	6.8	3.127	-98.326
chrec2:2947731	231.6	16.3	2.314	-98.310
chrec2:236903	2623.0	649.6	0.501	-98.266
chrec2:637852	158.2	5.4	3.361	-98.216
chrec2:1265248	149.2	4.2	3.621	-97.884
chrec2:1961709	198.2	11.0	2.660	-97.806
chrec2:3354377	126.4	1.9	4.514	-97.511
chrec2:404960	202.0	11.7	2.599	-97.319
chrec2:3188394	136.5	2.8	4.089	-97.313
chrec2:2504078	210.2	13.3	2.468	-97.281
chrec2:3846706	242.4	18.4	2.203	-97.211
chrec2:2702882	269.6	22.8	2.051	-97.162
chrec2:2890840	162.3	6.1	3.226	-96.962
chrec2:3039762	181.7	9.0	2.824	-96.514
chrec2:3071507	211.4	13.6	2.450	-96.366
chrec2:1292891	150.0	4.6	3.517	-96.238
chrec2:3193889	372.0	43.3	1.589	-95.843
chrec2:4078550	220.6	14.7	2.391	-95.818
chrec2:2734731	220.3	14.9	2.372	-95.821
chrec2:3865313	155.4	5.4	3.339	-95.683
chrec2:4281020	219.8	14.8	2.383	-95.084
chrec2:878496	150.4	5.2	3.333	-94.651
chrec2:1472259	152.9	5.4	3.321	-93.974
chrec2:850628	343.9	38.5	1.646	-93.540
chrec2:4478752	225.1	16.4	2.270	-93.255
chrec2:159177	358.8	41.7	1.592	-93.243
chrec2:1290341	185.9	9.8	2.725	-93.174
chrec2:136508	202.7	12.9	2.462	-92.938
chrec2:3475594	221.9	16.0	2.277	-92.611
chrec2:2316782	192.9	11.5	2.552	-92.178
chrec2:641124	126.4	2.8	3.984	-92.159
chrec2:57251	235.3	18.4	2.161	-91.569
chrec2:3787224	352.1	40.7	1.600	-91.153
chrec2:2903129	154.2	6.3	3.104	-91.100
chrec2:1683845	227.1	17.5	2.184	-90.954
chrec2:3478218	232.5	18.0	2.179	-90.893
chrec2:3473384	239.0	19.3	2.114	-90.149
chrec2:454063	136.8	4.0	3.570	-90.014
chrec2:3153941	190.3	11.2	2.571	-89.887
chrec2:2500772	219.8	16.4	2.235	-89.671
chrec2:933572	193.6	12.3	2.469	-89.512
chrec2:1634416	241.4	20.3	2.058	-89.487
chrec2:3705429	173.0	8.9	2.764	-89.359
chrec2:632779	149.6	5.9	3.151	-89.159
chrec2:3676701	323.5	36.0	1.656	-88.883
chrec2:479638	301.6	31.9	1.730	-88.367
chrec2:3082553	216.0	15.9	2.249	-88.301
chrec2:4256072	163.1	8.0	2.829	-88.006
chrec2:1236360	176.1	9.6	2.691	-87.986
chrec2:120	256.4	23.3	1.945	-87.842
chrec2:1005150	122.3	2.7	4.000	-87.661
chrec2:1788867	115.2	2.0	4.351	-87.407
chrec2:4635261	182.0	10.7	2.573	-87.259
chrec2:1864433	323.3	36.1	1.650	-87.261
chrec2:1736089	227.4	18.3	2.121	-86.000
chrec2:2476119	170.5	9.4	2.662	-85.914
chrec2:2225369	202.7	14.7	2.273	-84.960
chrec2:1917869	130.8	4.0	3.523	-84.805
chrec2:1196525	159.8	7.9	2.823	-84.795
chrec2:1227724	181.3	10.9	2.538	-84.760
chrec2:3975665	293.6	31.4	1.711	-84.552
chrec2:662738	185.1	11.8	2.460	-84.414
chrec2:961577	135.1	4.9	3.275	-84.242
chrec2:1390550	117.2	2.8	3.895	-84.065
chrec2:1234639	202.6	14.9	2.254	-83.457
chrec2:729473	147.9	6.6	2.967	-83.167
chrec2:3832171	379.0	49.7	1.417	-83.067
chrec2:1947740	122.6	3.4	3.664	-82.985
chrec2:3732253	202.1	15.0	2.237	-82.744
chrec2:2060221	432.6	61.4	1.303	-82.667
chrec2:592443	133.1	4.9	3.249	-82.545
chrec2:1195385	164.0	9.0	2.670	-82.285
chrec2:3246261	194.7	14.0	2.283	-82.235
chrec2:2247075	197.9	14.0	2.305	-82.160
chrec2:2735634	233.6	20.4	2.006	-82.080
chrec2:4398778	187.7	13.0	2.344	-81.793
chrec2:1706226	162.7	9.1	2.648	-81.509
chrec2:2443341	182.4	12.2	2.385	-81.294
chrec2:3152178	169.2	9.9	2.580	-80.792
chrec2:1642496	111.8	2.2	4.170	-80.690
chrec2:1192051	180.0	11.8	2.416	-80.687
chrec2:3175691	217.1	18.2	2.067	-80.495
chrec2:891313	113.6	2.7	3.864	-80.496
chrec2:1882515	151.5	7.5	2.815	-80.373
chrec2:1519071	141.9	6.1	3.032	-80.367
chrec2:2266920	156.0	8.4	2.706	-79.727
chrec2:1908803	174.1	11.0	2.468	-79.491
chrec2:2969046	173.9	11.2	2.445	-79.493
chrec2:1155412	119.6	3.2	3.701	-79.494
chrec2:1944336	164.9	9.5	2.599	-79.488
chrec2:2537813	147.9	7.2	2.844	-79.133
chrec2:2057173	149.6	7.6	2.788	-78.782
chrec2:2103800	226.0	20.1	1.980	-78.700
chrec2:4114144	125.4	4.5	3.278	-78.107
chrec2:4031389	143.8	6.8	2.890	-77.896
chrec2:3762904	195.4	14.8	2.212	-77.778
chrec2:3203307	208.6	17.4	2.067	-77.729
chrec2:1187244	168.8	10.7	2.462	-77.403
chrec2:4488614	258.5	26.9	1.751	-77.298
chrec2:2686095	145.0	7.1	2.843	-76.730
chrec2:3611713	188.2	14.4	2.200	-76.434
chrec2:2253030	154.7	8.5	2.675	-76.329
chrec2:1879284	163.1	10.1	2.503	-76.235
chrec2:4211429	305.4	36.6	1.547	-75.804
chrec2:2795824	171.0	11.4	2.397	-75.629
chrec2:4100355	145.7	7.5	2.766	-75.609
chrec2:3159844	140.9	6.8	2.870	-75.489
chrec2:3215207	140.4	7.0	2.815	-75.491
chrec2:1407666	155.0	9.0	2.591	-75.323
chrec2:3986668	117.2	3.7	3.477	-75.227
chrec2:713268	165.9	10.6	2.457	-75.163
chrec2:4088520	114.7	3.2	3.638	-75.140
chrec2:3504129	133.0	5.8	3.013	-75.099
chrec2:3078233	149.9	8.1	2.694	-75.047
chrec2:3072387	193.1	15.3	2.145	-74.961
chrec2:3517333	152.3	8.5	2.643	-74.797
chrec2:3611830	127.1	5.2	3.098	-74.427
chrec2:4217807	164.9	10.8	2.425	-74.426
chrec2:2055708	188.4	14.4	2.192	-74.299
chrec2:1649608	148.9	8.2	2.674	-74.275
chrec2:2975034	109.3	3.0	3.674	-73.361
chrec2:1336782	150.6	8.5	2.640	-73.249
chrec2:1271433	153.6	9.4	2.520	-72.824
chrec2:1505375	91.9	1.4	4.551	-72.787
chrec2:2641643	124.7	5.2	3.066	-72.768
chrec2:729275	135.8	6.3	2.907	-72.661
chrec2:3676039	132.7	6.0	2.944	-72.235
chrec2:711948	182.6	14.3	2.164	-72.210
chrec2:584876	164.7	11.4	2.338	-71.225
chrec2:502514	138.3	7.2	2.753	-71.187
chrec2:3471288	171.1	12.4	2.270	-70.990
chrec2:792518	337.5	45.9	1.367	-70.672
chrec2:4207796	132.6	6.3	2.876	-70.247
chrec2:3405020	223.8	22.3	1.814	-70.115
chrec2:3585399	104.7	3.1	3.575	-69.855
chrec2:4057023	167.5	12.0	2.292	-69.611
chrec2:2250266	167.2	12.1	2.279	-69.613
chrec2:3068537	289.1	35.6	1.507	-69.604
chrec2:194778	154.6	9.9	2.453	-69.483
chrec2:4587794	187.1	15.6	2.068	-69.432
chrec2:2470531	155.8	10.5	2.385	-69.355
chrec2:1797427	118.5	4.6	3.173	-69.131
chrec2:3428716	3138.0	849.4	0.372	-69.072
chrec2:1159208	122.5	5.5	2.977	-69.007
chrec2:2968257	142.2	8.2	2.596	-68.860
chrec2:1737041	161.5	11.4	2.316	-68.319
chrec2:3293273	147.7	9.3	2.478	-68.290
chrec2:1807889	176.4	14.3	2.113	-68.017
chrec2:3150675	233.7	24.5	1.738	-67.886
chrec2:3995088	331.2	45.3	1.357	-67.855
chrec2:2268743	116.1	4.6	3.130	-67.474
chrec2:2077979	96.1	2.4	3.814	-67.269
chrec2:2145147	128.6	6.3	2.832	-67.072
chrec2:704164	134.7	7.6	2.634	-67.009
chrec2:567147	82.0	1.0	6.358	-66.945
chrec2:3513294	137.4	7.7	2.643	-66.776
chrec2:233987	307.8	40.9	1.398	-66.635
chrec2:3585882	120.0	5.4	2.951	-66.569
chrec2:3713967	189.0	17.2	1.948	-66.231
chrec2:2904092	116.7	5.0	3.018	-66.183
chrec2:2241675	109.6	4.0	3.275	-66.060
chrec2:2010266	161.7	12.2	2.216	-66.049
chrec2:1938082	81.1	1.0	6.342	-66.015
chrec2:983452	136.1	7.9	2.591	-66.016
chrec2:3786548	169.9	13.5	2.140	-65.954
chrec2:1359421	87.5	1.8	4.130	-65.901
chrec2:1265129	105.8	3.8	3.304	-65.838
chrec2:3688620	155.1	10.9	2.316	-65.516
chrec2:2081593	132.7	7.7	2.602	-65.477
chrec2:4387295	132.4	7.7	2.596	-65.479
chrec2:231075	163.2	12.3	2.217	-65.314
chrec2:1591856	165.5	12.7	2.187	-65.291
chrec2:453646	122.9	6.2	2.792	-65.037
chrec2:4591508	220.9	23.4	1.726	-64.906
chrec2:1421945	180.0	15.5	2.022	-64.707
chrec2:174920	197.4	18.7	1.888	-64.664
chrec2:2349410	134.5	7.7	2.605	-64.494
chrec2:3605556	126.6	6.9	2.679	-64.437
chrec2:1524919	140.5	8.8	2.490	-63.966
chrec2:2946692	130.5	7.7	2.577	-63.941
chrec2:4027489	114.2	5.0	3.005	-63.752
chrec2:1613635	91.7	2.4	3.747	-63.746
chrec2:1006272	120.8	6.3	2.752	-63.452
chrec2:3529268	128.4	7.2	2.649	-63.403
chrec2:2354588	102.7	3.8	3.244	-63.306
chrec2:1706911	139.1	9.0	2.436	-63.225
chrec2:1343577	122.8	6.7	2.693	-63.154
chrec2:2453924	132.0	8.0	2.527	-62.974
chrec2:1051629	125.0	6.9	2.675	-62.881
chrec2:2820752	146.7	10.5	2.290	-62.788
chrec2:2251899	80.5	1.2	4.605	-61.720
chrec2:4227254	183.6	16.9	1.929	-61.638
chrec2:1766475	138.3	9.4	2.370	-61.608
chrec2:3089718	120.8	6.6	2.672	-61.581
chrec2:2368992	116.1	5.6	2.853	-61.395
chrec2:3668809	207.8	21.8	1.739	-61.294
chrec2:672332	88.9	2.3	3.767	-61.097
chrec2:4107744	117.8	6.2	2.743	-61.084
chrec2:1388409	102.4	4.1	3.127	-61.061
chrec2:146755	199.8	20.6	1.768	-60.772
chrec2:1868225	105.1	4.5	3.030	-60.558
chrec2:1504144	121.6	7.0	2.607	-60.551
chrec2:958004	96.7	3.3	3.369	-60.547
chrec2:1051733	159.5	13.1	2.090	-60.432
chrec2:1118189	120.7	6.9	2.606	-59.774
chrec2:1719001	161.2	13.4	2.072	-59.764
chrec2:3461565	104.9	4.2	3.121	-59.738
chrec2:1874819	106.0	4.8	2.941	-59.293
chrec2:4206772	158.2	13.1	2.084	-59.054
chrec2:3058383	77.6	1.1	4.565	-58.972
chrec2:150538	312.3	45.5	1.266	-58.738
chrec2:3879108	91.3	3.1	3.349	-58.647
chrec2:860477	88.9	2.8	3.482	-58.515
chrec2:643267	149.3	11.7	2.161	-58.337
chrec2:4444203	215.5	24.2	1.638	-58.142
chrec2:1801009	341.7	52.5	1.189	-58.095
chrec2:1618714	76.4	1.1	4.590	-58.059
chrec2:3755409	225.0	26.3	1.584	-58.011
chrec2:2975232	79.3	1.6	4.125	-57.761
chrec2:3190777	127.2	8.1	2.459	-57.540
chrec2:4094827	207.6	22.8	1.675	-57.501
chrec2:218840	281.0	38.6	1.351	-57.496
chrec2:2631370	111.2	5.7	2.780	-57.447
chrec2:4547371	212.6	23.8	1.644	-57.397
chrec2:149637	130.9	8.8	2.375	-57.317
chrec2:1917299	130.9	8.9	2.363	-57.319
chrec2:2218973	93.0	3.5	3.230	-57.166
chrec2:1176981	143.0	11.1	2.175	-56.977
chrec2:2004990	124.4	7.7	2.495	-56.945
chrec2:4148065	228.4	27.4	1.547	-56.851
chrec2:986169	95.7	3.6	3.219	-56.603
chrec2:243517	104.6	5.2	2.828	-56.506
chrec2:702286	131.7	9.3	2.315	-56.506
chrec2:2035609	191.5	20.0	1.747	-56.328
chrec2:2774159	143.9	11.3	2.154	-56.269
chrec2:1766867	74.1	1.3	4.265	-56.247
chrec2:3252908	102.9	4.6	2.975	-56.072
chrec2:4610437	159.3	14.1	1.986	-55.829
chrec2:3162226	130.7	9.3	2.302	-55.784
chrec2:4506527	117.4	7.3	2.497	-55.768
chrec2:460603	151.4	12.8	2.050	-55.643
chrec2:987508	148.8	12.4	2.077	-55.616
chrec2:2621660	105.9	5.6	2.731	-55.394
chrec2:3606968	87.5	3.0	3.340	-55.255
chrec2:3278197	126.4	8.4	2.395	-55.231
chrec2:4532694	266.7	36.6	1.353	-55.159
chrec2:4446923	107.4	5.9	2.679	-55.113
chrec2:1442741	76.1	1.7	3.970	-55.087
chrec2:1271957	152.2	13.0	2.036	-55.014
chrec2:4173414	133.9	10.1	2.212	-54.965
chrec2:1312774	110.4	6.1	2.658	-54.864
chrec2:2752210	202.0	23.1	1.618	-54.563
chrec2:964154	230.5	28.9	1.483	-54.276
chrec2:4587961	135.4	10.2	2.222	-54.223
chrec2:915307	75.3	1.5	4.120	-54.192
chrec2:2808226	74.8	1.7	3.919	-54.194
chrec2:3740013	77.7	2.1	3.714	-54.101
chrec2:4147903	149.6	13.3	1.982	-53.672
chrec2:932736	99.8	4.6	2.926	-53.673
chrec2:2985703	83.2	2.6	3.500	-53.369
chrec2:1844023	82.3	2.7	3.410	-53.371
chrec2:2753492	107.9	6.1	2.622	-53.320
chrec2:3831913	102.2	5.5	2.695	-53.041
chrec2:20539	112.5	6.7	2.561	-52.925
chrec2:4117597	130.2	10.1	2.170	-52.841
chrec2:954920	105.2	5.7	2.690	-52.782
chrec2:2714050	105.1	5.9	2.653	-52.784
chrec2:922786	69.5	1.4	4.145	-52.617
chrec2:2409873	100.4	4.9	2.838	-52.551
chrec2:2107354	120.0	8.1	2.367	-52.412
chrec2:2739869	119.5	8.4	2.318	-52.414
chrec2:1852545	87.2	3.2	3.250	-52.154
chrec2:1409738	87.0	3.4	3.165	-52.156
chrec2:2091530	86.8	3.3	3.183	-52.158
chrec2:3189803	84.5	3.0	3.316	-51.881
chrec2:19836	116.2	8.0	2.339	-51.779
chrec2:4612453	118.8	8.4	2.312	-51.686
chrec2:1016012	81.1	2.7	3.412	-51.668
chrec2:3943988	125.6	9.2	2.266	-51.499
chrec2:1649631	132.5	10.7	2.117	-51.433
chrec2:1624301	209.8	25.9	1.507	-51.421
chrec2:2705871	174.5	18.3	1.742	-51.373
chrec2:2817851	198.1	23.4	1.571	-51.259
chrec2:850847	201.2	24.1	1.549	-51.048
chrec2:2753399	92.8	4.6	2.836	-50.834
chrec2:4433514	123.6	9.4	2.203	-50.792
chrec2:2759907	133.8	11.0	2.096	-50.760
chrec2:1893015	128.4	9.8	2.192	-50.748
chrec2:3267095	110.7	7.2	2.424	-50.541
chrec2:2994398	144.7	13.2	1.944	-50.368
chrec2:63363	274.4	40.5	1.247	-50.126
chrec2:2518328	87.5	3.6	3.073	-50.020
chrec2:1789136	87.3	3.6	3.076	-50.022
chrec2:1124216	98.8	5.4	2.691	-49.937
chrec2:1122592	168.4	17.6	1.749	-49.873
chrec2:1413880	69.7	1.6	3.931	-49.744
chrec2:1259431	88.2	4.2	2.886	-49.605
chrec2:3555312	113.8	7.8	2.347	-49.596
chrec2:1093276	91.5	4.3	2.897	-49.236
chrec2:1315419	90.6	4.5	2.830	-49.238
chrec2:3789662	65.6	1.3	4.157	-49.004
chrec2:174983	101.5	6.2	2.525	-48.746
chrec2:2708893	159.8	16.1	1.796	-48.720
chrec2:4265176	147.9	14.3	1.854	-48.672
chrec2:3843459	90.1	4.5	2.827	-48.437
chrec2:75610	153.1	15.2	1.820	-48.356
chrec2:890291	77.5	2.5	3.462	-48.270
chrec2:2058929	133.4	11.8	1.987	-48.129
chrec2:2875213	92.2	4.8	2.747	-48.128
chrec2:1425431	81.8	3.4	3.059	-48.019
chrec2:3508209	125.4	10.5	2.070	-47.984
chrec2:3011077	67.2	1.7	3.751	-47.972
chrec2:400177	94.0	5.1	2.680	-47.860
chrec2:437383	143.3	13.6	1.888	-47.844
chrec2:1811028	102.5	6.6	2.452	-47.842
chrec2:4065472	105.3	6.8	2.449	-47.707
chrec2:1770652	79.1	2.9	3.270	-47.703
chrec2:3873293	60.9	0.9	5.927	-47.513
chrec2:1230390	98.0	5.7	2.600	-47.423
chrec2:142702	176.7	20.1	1.626	-47.377
chrec2:1473030	114.8	8.5	2.244	-47.329
chrec2:3827721	116.2	9.1	2.167	-47.302
chrec2:443874	81.5	3.2	3.159	-47.207
chrec2:650812	81.2	3.4	3.043	-47.209
chrec2:1927828	85.9	3.9	2.943	-47.203
chrec2:192613	150.6	15.3	1.786	-47.117
chrec2:951638	92.7	5.1	2.683	-47.096
chrec2:1932482	87.8	4.5	2.774	-46.867
chrec2:4637386	154.4	15.8	1.774	-46.749
chrec2:2717843	96.4	5.9	2.504	-46.671
chrec2:3786571	112.3	8.2	2.260	-46.666
chrec2:4556197	151.8	15.7	1.763	-46.622
chrec2:1629113	59.6	1.0	4.351	-46.609
chrec2:4016824	102.9	6.8	2.397	-46.240
chrec2:4316206	77.5	2.8	3.266	-46.045
chrec2:4434352	126.3	11.2	1.984	-46.036
chrec2:4211470	2621.9	733.3	0.325	-45.998
chrec2:838644	125.0	10.8	2.013	-45.993
chrec2:1270878	124.9	10.7	2.027	-45.995
chrec2:664428	73.3	2.7	3.235	-45.758
chrec2:2975689	84.9	3.9	2.944	-45.606
chrec2:2941956	84.2	3.9	2.917	-45.608
chrec2:1350842	68.1	1.8	3.759	-45.382
chrec2:1629214	64.6	1.6	3.804	-45.337
chrec2:2411298	76.3	2.9	3.216	-45.220
chrec2:4042603	277.1	43.6	1.155	-45.178
chrec2:1706527	130.8	12.0	1.934	-44.915
chrec2:4511729	121.3	10.4	2.033	-44.597
chrec2:4606268	107.1	7.9	2.240	-44.570
chrec2:1032107	191.1	24.2	1.467	-44.565
chrec2:419978	110.7	8.6	2.165	-44.519
chrec2:2689992	256.1	39.2	1.197	-44.399
chrec2:2746581	86.6	4.8	2.666	-44.238
chrec2:425999	98.0	6.6	2.378	-44.141
chrec2:3710995	137.8	13.4	1.853	-44.017
chrec2:4000443	77.0	3.2	3.070	-43.941
chrec2:2837954	120.4	10.3	2.027	-43.929
chrec2:755124	56.6	0.9	5.822	-43.865
chrec2:3384531	108.0	8.2	2.207	-43.837
chrec2:3344539	107.3	8.4	2.170	-43.839
chrec2:2590204	92.9	5.8	2.491	-43.660
chrec2:898910	65.4	2.0	3.532	-43.658
chrec2:3287698	85.3	4.9	2.623	-43.468
chrec2:3401211	143.2	15.0	1.745	-43.269
chrec2:3440384	112.6	9.4	2.064	-43.147
chrec2:2287430	90.1	5.5	2.516	-43.065
chrec2:3971627	68.3	2.2	3.428	-42.981
chrec2:2998580	83.9	4.2	2.794	-42.940
chrec2:315595	73.1	2.9	3.125	-42.746
chrec2:2824264	84.9	4.8	2.634	-42.695
chrec2:418639	166.1	19.8	1.556	-42.594
chrec2:3614779	102.1	7.5	2.257	-42.481
chrec2:904189	88.6	5.6	2.482	-42.310
chrec2:788045	193.6	25.6	1.406	-42.184
chrec2:3535915	148.7	16.2	1.687	-42.036
chrec2:3999663	95.2	6.6	2.345	-41.943
chrec2:1024811	63.6	1.9	3.556	-41.933
chrec2:1488890	84.8	4.6	2.686	-41.926
chrec2:1889777	83.9	4.9	2.590	-41.927
chrec2:2314893	83.8	4.7	2.632	-41.929
chrec2:1295068	58.0	1.1	4.253	-41.854
chrec2:4508195	99.4	7.1	2.297	-41.817
chrec2:3944033	109.3	9.0	2.091	-41.763
chrec2:1081725	79.3	3.9	2.838	-41.653
chrec2:1615001	69.1	2.7	3.167	-41.585
chrec2:519013	87.9	5.4	2.507	-41.568
chrec2:2070396	140.1	14.9	1.718	-41.441
chrec2:1646341	89.8	5.7	2.459	-41.430
chrec2:1994975	115.7	10.4	1.964	-41.272
chrec2:1436817	63.3	1.8	3.602	-41.082
chrec2:474431	62.8	1.8	3.605	-41.084
chrec2:2589544	107.5	9.0	2.070	-41.083
chrec2:916731	78.6	4.0	2.789	-40.869
chrec2:2455233	86.7	5.5	2.466	-40.819
chrec2:1647644	68.5	2.5	3.237	-40.758
chrec2:1472327	67.9	2.6	3.179	-40.760
chrec2:2412176	117.6	10.5	1.966	-40.689
chrec2:2754771	116.6	10.8	1.922	-40.690
chrec2:2173456	80.2	4.3	2.700	-40.621
chrec2:3367518	113.0	10.1	1.974	-40.551
chrec2:2445691	141.5	15.6	1.669	-40.544
chrec2:2518198	124.0	12.0	1.851	-40.424
chrec2:4000425	97.6	7.1	2.261	-40.403
chrec2:400571	75.5	3.7	2.850	-40.385
chrec2:499318	74.7	3.8	2.789	-40.386
chrec2:1953953	99.0	7.5	2.208	-40.381
chrec2:245885	121.6	11.8	1.852	-40.325
chrec2:636523	70.7	2.8	3.130	-40.314
chrec2:407381	70.0	2.8	3.111	-40.316
chrec2:2149777	59.5	1.6	3.735	-40.107
chrec2:1399049	58.9	1.7	3.578	-40.108
chrec2:1716072	77.1	4.1	2.711	-40.104
chrec2:4136398	77.0	4.0	2.754	-40.106
chrec2:4348985	56.2	1.1	4.140	-40.100
chrec2:432209	55.4	1.3	3.885	-40.102
chrec2:236022	113.2	10.5	1.920	-39.975
chrec2:1997898	112.0	10.1	1.961	-39.904
chrec2:234205	108.0	9.2	2.038	-39.788
chrec2:1027473	48.5	0.6	5.601	-39.733
chrec2:1815406	64.1	2.1	3.402	-39.639
chrec2:3328051	190.5	26.6	1.328	-39.529
chrec2:3603619	83.4	4.9	2.566	-39.491
chrec2:1824149	82.5	5.2	2.462	-39.492
chrec2:1213815	52.0	0.9	5.699	-39.354
chrec2:3642206	111.3	10.0	1.961	-39.245
chrec2:3176714	108.8	9.7	1.975	-39.178
chrec2:2776500	70.7	3.3	2.909	-39.136
chrec2:4095229	65.9	2.6	3.139	-39.131
chrec2:2319001	92.8	6.8	2.258	-39.037
chrec2:885346	97.7	7.4	2.204	-38.994
chrec2:2354163	82.1	5.1	2.501	-38.742
chrec2:3327608	407.6	80.8	0.821	-38.705
chrec2:3678824	60.0	1.8	3.559	-38.546
chrec2:4103697	146.9	17.4	1.565	-38.486
chrec2:3374359	128.0	13.6	1.726	-38.454
chrec2:2084870	50.9	0.7	5.670	-38.452
chrec2:3900736	101.9	8.6	2.057	-38.358
chrec2:2964779	116.1	11.5	1.816	-38.320
chrec2:3921310	123.4	12.8	1.751	-38.180
chrec2:3525113	79.2	4.7	2.571	-38.149
chrec2:57161	161.5	20.5	1.467	-37.998
chrec2:1189841	59.7	1.8	3.553	-37.696
chrec2:3827102	90.7	7.0	2.187	-37.616
chrec2:2155454	69.4	3.2	2.929	-37.540
chrec2:2073462	69.2	3.3	2.873	-37.541
chrec2:2516387	69.1	3.4	2.829	-37.543
chrec2:3932542	78.7	4.6	2.595	-37.392
chrec2:4484271	80.1	5.0	2.495	-37.249
chrec2:4511149	152.8	19.1	1.484	-37.189
chrec2:2473572	156.5	19.7	1.476	-37.041
chrec2:1472489	72.8	4.0	2.676	-37.006
chrec2:395558	72.7	4.0	2.679	-37.007
chrec2:1105125	45.5	0.5	5.509	-36.961
chrec2:3502929	75.0	4.4	2.578	-36.805
chrec2:621470	74.9	4.5	2.531	-36.807
chrec2:4331479	68.9	3.2	2.932	-36.751
chrec2:405495	68.7	3.2	2.910	-36.752
chrec2:3078150	77.5	4.6	2.572	-36.644
chrec2:3601418	106.7	10.1	1.886	-36.638
chrec2:2696544	78.3	5.2	2.404	-36.512
chrec2:4103998	99.3	8.6	2.025	-36.340
chrec2:2144405	83.0	5.8	2.316	-36.328
chrec2:3863960	65.3	2.9	2.956	-36.285
chrec2:611882	85.0	6.0	2.319	-36.273
chrec2:1008081	87.8	6.4	2.272	-36.237
chrec2:3088403	87.1	6.5	2.223	-36.239
chrec2:464796	88.3	7.0	2.145	-36.222
chrec2:3189523	216.0	33.9	1.160	-36.175
chrec2:3589711	44.5	0.1	5.474	-36.080
chrec2:3939984	62.4	2.5	3.107	-35.861
chrec2:3181113	54.0	1.5	3.618	-35.800
chrec2:1350653	48.5	0.8	5.601	-35.757
chrec2:3464653	110.8	11.0	1.817	-35.682
chrec2:2822469	80.8	5.3	2.426	-35.683
chrec2:3847420	82.1	5.7	2.328	-35.613
chrec2:2281112	94.0	8.0	2.042	-35.581
chrec2:890408	70.7	4.2	2.563	-35.481
chrec2:1895005	74.2	4.9	2.417	-35.152
chrec2:4371624	119.0	12.8	1.703	-35.129
chrec2:4540919	109.8	11.1	1.792	-35.054
chrec2:391037	77.7	5.0	2.445	-35.041
chrec2:3645885	77.2	4.9	2.461	-35.042
chrec2:2110468	68.4	3.7	2.696	-34.924
chrec2:4154566	81.0	5.9	2.265	-34.894
chrec2:3101561	88.5	7.2	2.103	-34.840
chrec2:1239108	58.2	2.1	3.250	-34.660
chrec2:3189100	102.1	9.6	1.895	-34.610
chrec2:3080374	74.9	4.6	2.522	-34.410
chrec2:4356359	65.0	3.4	2.756	-34.393
chrec2:1094757	65.0	3.2	2.813	-34.395
chrec2:3404695	95.8	8.6	1.958	-34.355
chrec2:4483129	54.6	2.0	3.282	-34.336
chrec2:733885	76.6	4.9	2.440	-34.312
chrec2:2818359	76.3	5.0	2.430	-34.313
chrec2:4028660	60.6	2.6	3.028	-34.245
chrec2:2926508	126.3	14.4	1.619	-34.183
chrec2:3697457	81.8	6.2	2.219	-34.151
chrec2:2319306	86.0	6.8	2.148	-34.142
chrec2:2386239	49.4	1.1	3.932	-33.956
chrec2:4502345	61.7	3.0	2.845	-33.901
chrec2:1214715	72.8	4.8	2.409	-33.676
chrec2:2105038	85.5	6.8	2.135	-33.445
chrec2:1100529	65.5	3.7	2.621	-33.383
chrec2:3655848	98.8	9.2	1.913	-33.223
chrec2:973909	68.1	4.1	2.542	-33.196
chrec2:3293427	67.9	3.9	2.609	-33.198
chrec2:2173892	67.8	4.2	2.514	-33.199
chrec2:926404	202.4	32.0	1.149	-33.132
chrec2:1006926	60.9	2.9	2.901	-33.106
chrec2:946263	60.3	3.1	2.771	-33.108
chrec2:4537047	56.2	2.4	3.058	-33.023
chrec2:2817329	270.9	49.2	0.949	-32.911
chrec2:2736227	317.6	61.0	0.867	-32.842
chrec2:2764867	83.7	6.9	2.094	-32.763
chrec2:3774072	80.0	6.0	2.225	-32.745
chrec2:2233742	42.7	0.6	5.418	-32.646
chrec2:1275883	42.6	0.0	5.413	-32.648
chrec2:4034708	64.8	3.7	2.601	-32.623
chrec2:3326609	96.7	9.2	1.875	-32.591
chrec2:842099	66.6	4.0	2.535	-32.449
chrec2:1087375	68.9	4.5	2.437	-32.312
chrec2:2070647	91.7	8.1	1.982	-32.312
chrec2:21841	90.3	8.3	1.928	-32.313
chrec2:2267167	71.7	4.6	2.447	-32.210
chrec2:990996	44.0	1.0	3.905	-32.190
chrec2:2466429	87.0	7.6	2.010	-32.177
chrec2:955243	73.0	5.1	2.327	-32.138
chrec2:4614033	83.4	6.9	2.089	-32.087
chrec2:842728	61.6	3.4	2.666	-32.070
chrec2:1434895	81.3	6.4	2.146	-32.064
chrec2:435815	81.1	6.3	2.171	-32.066
chrec2:268342	93.6	9.0	1.859	-31.851
chrec2:2584236	52.1	1.9	3.234	-31.844
chrec2:1790101	92.0	8.5	1.916	-31.753
chrec2:485221	120.4	14.1	1.581	-31.706
chrec2:2705802	100.8	10.3	1.774	-31.699
chrec2:202068	154.9	22.0	1.306	-31.531
chrec2:3897856	123.6	14.9	1.543	-31.516
chrec2:3186824	43.6	0.9	5.445	-31.303
chrec2:3195441	60.9	3.3	2.706	-31.298
chrec2:2684234	62.9	3.7	2.578	-31.103
chrec2:4053491	62.8	3.7	2.581	-31.104
chrec2:2750423	51.5	1.8	3.318	-31.012
chrec2:1129354	89.7	8.1	1.948	-31.012
chrec2:3118620	41.8	0.0	5.386	-30.984
chrec2:1719759	67.4	4.3	2.472	-30.840
chrec2:167423	151.9	21.5	1.308	-30.798
chrec2:147576	83.3	7.2	2.016	-30.786
chrec2:3859214	48.2	1.7	3.325	-30.703
chrec2:2140006	48.0	1.4	3.543	-30.704
chrec2:2455168	75.5	5.7	2.226	-30.662
chrec2:2974864	75.1	5.8	2.176	-30.664
chrec2:1850509	60.3	3.2	2.730	-30.531
chrec2:1834112	59.9	3.4	2.610	-30.532
chrec2:392198	42.8	0.7	5.419	-30.421
chrec2:2373857	42.5	0.8	5.408	-30.423
chrec2:20568	87.9	8.2	1.914	-30.369
chrec2:2912481	61.8	3.6	2.602	-30.355
chrec2:3042302	55.4	2.6	2.916	-30.253
chrec2:4163282	64.5	4.0	2.506	-30.216
chrec2:107670	166.4	25.0	1.222	-30.203
chrec2:478572	49.6	1.9	3.191	-30.197
chrec2:1310393	78.6	6.3	2.123	-30.018
chrec2:2291341	56.7	3.1	2.688	-29.983
chrec2:425274	47.5	1.6	3.422	-29.865
chrec2:1804706	47.1	1.5	3.478	-29.867
chrec2:1437352	46.9	1.7	3.280	-29.868
chrec2:907210	89.5	8.5	1.883	-29.836
chrec2:2732943	115.0	13.7	1.552	-29.822
chrec2:2969902	114.8	14.0	1.526	-29.823
chrec2:585015	86.9	8.2	1.899	-29.731
chrec2:3340562	101.1	11.1	1.678	-29.566
chrec2:83732	153.2	22.8	1.238	-29.518
chrec2:2872047	63.3	4.0	2.477	-29.479
chrec2:2549628	53.3	2.8	2.746	-29.468
chrec2:4078929	92.4	9.1	1.826	-29.450
chrec2:3582901	131.9	17.8	1.377	-29.372
chrec2:2926603	89.5	9.1	1.786	-29.323
chrec2:4235232	75.8	6.0	2.140	-29.309
chrec2:1898590	108.9	13.0	1.559	-29.262
chrec2:445915	46.3	1.6	3.368	-29.030
chrec2:1706046	51.3	2.3	2.985	-28.986
chrec2:395587	50.8	2.4	2.902	-28.988
chrec2:2797744	90.7	9.5	1.750	-28.826
chrec2:4604168	118.4	14.9	1.477	-28.746
chrec2:2771950	62.4	4.0	2.442	-28.743
chrec2:3392293	52.2	2.8	2.726	-28.679
chrec2:3128746	64.6	4.2	2.421	-28.663
chrec2:2293762	74.3	6.0	2.109	-28.627
chrec2:2474370	68.0	5.1	2.211	-28.585
chrec2:220066	121.2	16.1	1.399	-28.288
chrec2:689457	89.8	9.4	1.745	-28.206
chrec2:2190274	44.9	1.5	3.417	-28.192
chrec2:4409355	130.9	18.0	1.346	-28.028
chrec2:2236183	74.7	6.6	1.980	-28.000
chrec2:2324580	71.2	5.7	2.134	-27.904
chrec2:567509	47.1	2.0	3.039	-27.734
chrec2:3526779	116.0	14.9	1.449	-27.650
chrec2:455773	77.9	7.1	1.937	-27.491
chrec2:2992023	56.2	3.3	2.582	-27.489
chrec2:1331009	58.7	3.6	2.516	-27.359
chrec2:3709551	67.6	5.6	2.085	-27.184
chrec2:1052423	82.7	8.3	1.813	-27.179
chrec2:4005952	64.0	4.7	2.252	-27.180
chrec2:1895734	66.1	5.0	2.218	-27.174
chrec2:4525100	137.8	19.6	1.297	-27.150
chrec2:1335479	50.9	2.7	2.737	-27.107
chrec2:1823455	50.7	2.6	2.748	-27.108
chrec2:2145367	94.6	10.8	1.622	-27.023
chrec2:603907	46.9	1.8	3.203	-26.921
chrec2:3533879	53.0	2.9	2.657	-26.897
chrec2:2766059	98.4	11.4	1.602	-26.794
chrec2:1635828	74.9	6.8	1.956	-26.752
chrec2:2385341	72.4	6.7	1.932	-26.669
chrec2:2378225	57.1	3.7	2.433	-26.623
chrec2:2461467	96.1	11.0	1.617	-26.614
chrec2:3058006	48.2	2.4	2.834	-26.588
chrec2:4184888	59.2	4.1	2.324	-26.547
chrec2:409277	42.5	1.6	3.185	-26.527
chrec2:2589824	50.2	2.7	2.714	-26.330
chrec2:1241757	49.9	2.7	2.701	-26.331
chrec2:2229117	49.1	2.8	2.624	-26.332
chrec2:3885811	40.2	1.1	3.640	-26.215
chrec2:1079629	40.0	1.2	3.558	-26.216
chrec2:2515521	39.6	1.3	3.412	-26.217
chrec2:1747900	38.6	0.7	5.270	-26.186
chrec2:4525332	38.3	0.5	5.258	-26.188
chrec2:1018263	38.1	0.0	5.250	-26.189
chrec2:3590048	110.5	14.1	1.456	-26.157
chrec2:2643577	45.5	1.8	3.158	-26.120
chrec2:4233922	44.5	2.0	2.934	-26.122
chrec2:405581	74.0	6.9	1.912	-26.112
chrec2:1639554	90.6	9.9	1.684	-26.105
chrec2:257812	71.6	6.6	1.919	-26.023
chrec2:127712	156.3	25.2	1.120	-26.019
chrec2:3838017	56.0	3.8	2.371	-25.900
chrec2:1519331	67.9	5.9	2.001	-25.882
chrec2:1698780	65.7	5.6	2.048	-25.833
chrec2:3233409	46.7	2.4	2.751	-25.809
chrec2:3366559	42.3	1.6	3.209	-25.710
chrec2:743227	41.6	1.6	3.184	-25.711
chrec2:2287309	77.3	7.6	1.840	-25.692
chrec2:3178371	96.2	11.2	1.583	-25.662
chrec2:3363772	49.0	2.5	2.796	-25.571
chrec2:1146517	70.6	6.5	1.923	-25.369
chrec2:2370400	43.8	1.9	2.987	-25.317
chrec2:4359464	78.4	7.9	1.799	-25.188
chrec2:2694375	77.7	8.0	1.759	-25.189
chrec2:4356993	77.5	8.0	1.763	-25.190
chrec2:4087385	61.1	4.7	2.180	-25.091
chrec2:2113431	61.1	4.8	2.143	-25.093
chrec2:3630854	59.0	4.3	2.274	-25.094
chrec2:4237121	46.3	2.3	2.835	-25.023
chrec2:1358824	98.5	12.0	1.530	-24.924
chrec2:2186720	41.2	1.6	3.142	-24.887
chrec2:2717211	70.3	6.5	1.931	-24.719
chrec2:49793	78.9	8.3	1.742	-24.713
chrec2:4132925	37.8	0.8	5.239	-24.661
chrec2:1741589	37.1	0.3	5.215	-24.663
chrec2:563600	65.8	5.7	2.006	-24.547
chrec2:1325457	38.2	1.2	3.475	-24.536
chrec2:932504	37.8	1.3	3.363	-24.537
chrec2:1941946	52.2	3.4	2.421	-24.523
chrec2:2274006	43.1	2.0	2.896	-24.521
chrec2:99364	80.6	8.4	1.745	-24.257
chrec2:3850312	47.2	2.6	2.670	-24.029
chrec2:820282	46.9	2.8	2.576	-24.030
chrec2:3364795	46.8	2.6	2.682	-24.031
chrec2:185970	49.2	2.9	2.593	-23.882
chrec2:3301162	62.9	5.5	2.012	-23.808
chrec2:2091274	73.8	7.7	1.756	-23.809
chrec2:3522193	57.7	4.3	2.242	-23.686
chrec2:2196055	57.0	4.3	2.221	-23.687
chrec2:3031702	56.9	4.3	2.202	-23.688
chrec2:214196	104.7	14.3	1.365	-23.500
chrec2:2412939	76.6	8.3	1.689	-23.492
chrec2:4197271	317.4	68.9	0.691	-23.300
chrec2:2650975	38.8	1.6	3.103	-23.244
chrec2:3389306	64.1	5.8	1.964	-23.223
chrec2:2929688	72.7	7.6	1.739	-23.188
chrec2:3233144	84.5	10.0	1.562	-23.185
chrec2:1681187	61.5	5.4	1.989	-23.142
chrec2:4606241	60.4	5.0	2.070	-23.074
chrec2:1050243	49.6	3.5	2.331	-23.049
chrec2:4508696	49.6	3.4	2.370	-23.051
chrec2:4404904	187.7	34.5	0.932	-23.023
chrec2:10572	52.1	3.6	2.332	-23.003
chrec2:4062192	56.0	4.3	2.199	-22.995
chrec2:2715387	53.4	4.2	2.162	-22.988
chrec2:2535683	45.3	2.6	2.617	-22.506
chrec2:2034485	87.3	10.7	1.510	-22.439
chrec2:3857702	38.4	1.5	3.168	-22.431
chrec2:3571865	69.7	7.2	1.771	-22.426
chrec2:89358	69.5	7.2	1.753	-22.428
chrec2:2651109	58.6	5.1	2.018	-22.404
chrec2:3968083	47.1	3.1	2.428	-22.395
chrec2:1029285	47.0	2.9	2.515	-22.396
chrec2:3171785	46.9	2.9	2.492	-22.397
chrec2:4629536	89.9	11.5	1.453	-22.304
chrec2:1981503	75.6	8.2	1.696	-22.294
chrec2:3847832	52.8	4.2	2.153	-22.285
chrec2:479731	185.5	34.6	0.911	-22.250
chrec2:3367345	80.4	9.2	1.612	-22.241
chrec2:2082853	39.2	2.1	2.741	-22.134
chrec2:455861	71.5	7.5	1.749	-21.968
chrec2:4260098	125.9	19.6	1.167	-21.893
chrec2:2091882	86.5	10.7	1.508	-21.891
chrec2:3336682	86.4	10.7	1.498	-21.892
chrec2:526482	80.9	9.7	1.553	-21.856
chrec2:1653584	44.9	2.5	2.673	-21.761
chrec2:2586109	44.6	2.6	2.581	-21.762
chrec2:4460437	58.5	5.0	2.041	-21.744
chrec2:1502193	36.0	1.1	3.547	-21.707
chrec2:4383688	35.1	0.9	5.135	-21.708
chrec2:2595417	67.1	6.8	1.800	-21.675
chrec2:3983608	45.3	3.1	2.338	-21.666
chrec2:1903466	53.8	4.3	2.136	-21.624
chrec2:4367278	160.5	28.7	0.970	-21.615
chrec2:3295604	48.4	3.3	2.353	-21.610
chrec2:3594635	47.7	3.3	2.352	-21.612
chrec2:3524428	49.8	3.6	2.265	-21.590
chrec2:574962	49.4	3.8	2.204	-21.591
chrec2:4030493	77.1	9.0	1.590	-21.485
chrec2:87979	39.2	1.8	2.965	-21.354
chrec2:3809975	38.4	2.0	2.762	-21.355
chrec2:526982	38.3	2.1	2.686	-21.357
chrec2:2641574	99.8	13.7	1.355	-21.221
chrec2:1290741	67.3	7.3	1.691	-21.215
chrec2:4277599	474.7	116.0	0.520	-21.120
chrec2:2830960	43.3	2.6	2.527	-21.019
chrec2:4559152	85.8	11.0	1.452	-21.013
chrec2:3929829	52.4	4.5	2.027	-20.946
chrec2:1680081	44.9	2.8	2.467	-20.937
chrec2:954061	76.5	8.8	1.609	-20.909
chrec2:2734927	50.7	4.1	2.118	-20.906
chrec2:3483480	49.2	3.6	2.262	-20.888
chrec2:2101876	35.8	1.6	2.925	-20.837
chrec2:2598014	95.8	13.0	1.367	-20.764
chrec2:4281895	74.1	8.4	1.622	-20.722
chrec2:4611068	1209.7	342.4	0.308	-20.717
chrec2:1610753	37.9	1.9	2.823	-20.575
chrec2:2406449	58.0	5.3	1.951	-20.539
chrec2:2913648	93.3	12.8	1.350	-20.537
chrec2:4270662	40.1	2.3	2.631	-20.395
chrec2:2307196	39.3	2.4	2.505	-20.397
chrec2:4059596	34.5	0.9	5.109	-20.292
chrec2:2855470	34.2	0.8	5.097	-20.293
chrec2:2518450	34.2	1.2	3.294	-20.295
chrec2:3591581	52.3	4.3	2.082	-20.275
chrec2:1273479	51.6	4.4	2.044	-20.276
chrec2:558997	43.7	3.0	2.341	-20.215
chrec2:3184819	43.3	3.1	2.282	-20.216
chrec2:3342094	61.9	6.0	1.861	-20.160
chrec2:3473760	73.5	8.5	1.593	-20.150
chrec2:2070795	78.4	10.1	1.448	-19.832
chrec2:3326839	201.9	40.3	0.810	-19.802
chrec2:4375137	36.9	1.8	2.817	-19.799
chrec2:3679734	36.5	2.0	2.662	-19.801
chrec2:2311976	50.1	4.5	1.952	-19.601
chrec2:4202415	71.7	8.5	1.559	-19.573
chrec2:3097192	49.0	4.2	2.042	-19.536
chrec2:429792	48.9	4.0	2.093	-19.538
chrec2:1943788	48.7	4.0	2.098	-19.539
chrec2:3853609	93.8	13.4	1.291	-19.478
chrec2:4387098	63.0	6.9	1.682	-19.238
chrec2:3057131	68.5	7.7	1.636	-19.186
chrec2:3086806	67.3	8.0	1.555	-19.187
chrec2:2092069	54.3	5.0	1.917	-19.137
chrec2:1911949	70.7	8.6	1.530	-19.004
chrec2:1910288	98.7	14.9	1.214	-18.961
chrec2:2254143	50.1	4.3	2.020	-18.934
chrec2:4343500	33.6	0.5	5.071	-18.907
chrec2:3983442	33.5	1.7	2.767	-18.908
chrec2:490080	33.3	0.0	5.057	-18.909
chrec2:279111	33.0	1.2	3.239	-18.911
chrec2:3093714	38.3	2.2	2.612	-18.890
chrec2:1600081	38.2	2.2	2.595	-18.891
chrec2:4163918	38.0	2.4	2.445	-18.892
chrec2:2186151	37.5	2.3	2.485	-18.893
chrec2:786048	136.3	24.0	0.992	-18.799
chrec2:4255823	42.4	2.9	2.376	-18.777
chrec2:3841480	57.1	5.8	1.788	-18.775
chrec2:1981389	103.0	15.9	1.184	-18.753
chrec2:2232430	33.7	1.5	3.020	-18.452
chrec2:131324	57.8	6.1	1.733	-18.306
chrec2:3835644	49.9	4.2	2.052	-18.276
chrec2:2207737	35.2	1.9	2.737	-18.260
chrec2:1046091	34.9	1.8	2.771	-18.261
chrec2:1163416	62.9	7.3	1.596	-18.235
chrec2:3439820	47.3	4.1	2.021	-18.191
chrec2:3384149	56.0	5.9	1.732	-18.152
chrec2:2310135	37.0	2.3	2.478	-18.145
chrec2:1756872	45.6	3.5	2.182	-18.125
chrec2:898373	39.7	2.5	2.494	-18.083
chrec2:2815532	42.6	3.4	2.147	-18.082
chrec2:3958320	99.4	15.7	1.151	-18.039
chrec2:151039	53.8	5.5	1.770	-18.007
chrec2:1931449	52.2	5.0	1.864	-17.866
chrec2:191800	48.5	4.2	2.005	-17.620
chrec2:500455	32.8	0.9	5.035	-17.564
chrec2:2468478	32.8	0.8	5.035	-17.565
chrec2:3182293	32.7	0.0	5.033	-17.566
chrec2:2997062	32.5	1.7	2.722	-17.567
chrec2:1278010	32.5	1.6	2.870	-17.568
chrec2:2780005	32.3	1.7	2.707	-17.569
chrec2:778127	32.2	0.7	5.009	-17.571
chrec2:2823030	32.0	0.5	5.002	-17.572
chrec2:4604895	34.1	1.9	2.647	-17.505
chrec2:3631718	44.5	3.6	2.100	-17.449
chrec2:3840738	44.0	3.7	2.039	-17.450
chrec2:3090154	35.8	2.4	2.365	-17.409
chrec2:4111784	52.7	5.6	1.726	-17.389
chrec2:1257895	38.6	2.6	2.390	-17.366
chrec2:2043479	39.9	2.9	2.279	-17.364
chrec2:881101	39.7	3.0	2.217	-17.366
chrec2:971075	39.7	3.1	2.186	-17.367
chrec2:2907525	74.2	10.0	1.374	-17.159
chrec2:1507875	55.6	6.2	1.662	-17.109
chrec2:208320	72.3	9.5	1.417	-16.929
chrec2:2454879	43.6	3.6	2.083	-16.774
chrec2:3253675	42.0	3.2	2.218	-16.702
chrec2:1875246	35.8	2.1	2.572	-16.669
chrec2:3360731	37.0	2.5	2.356	-16.644
chrec2:3382022	36.9	2.8	2.208	-16.645
chrec2:3461270	90.6	14.3	1.147	-16.583
chrec2:3215390	55.1	6.2	1.639	-16.509
chrec2:3117991	91.9	14.5	1.153	-16.365
chrec2:1679747	46.3	4.3	1.901	-16.331
chrec2:1811908	32.0	1.7	2.737	-16.262
chrec2:904953	31.4	0.9	4.974	-16.263
chrec2:2996280	31.3	1.5	2.865	-16.264
chrec2:2737181	31.3	0.3	4.966	-16.265
chrec2:3512175	31.2	1.2	3.209	-16.267
chrec2:526145	31.1	1.2	3.128	-16.268
chrec2:256501	66.2	8.5	1.445	-16.257
chrec2:4377451	69.6	9.2	1.407	-16.176
chrec2:2541059	102.6	17.5	1.042	-16.144
chrec2:1064254	56.0	6.5	1.593	-16.116
chrec2:58736	148.8	28.8	0.858	-16.103
chrec2:102753	40.3	3.3	2.106	-16.029
chrec2:1115224	32.4	1.8	2.629	-16.001
chrec2:3529750	66.7	9.1	1.365	-15.949
chrec2:2291940	33.9	2.2	2.414	-15.946
chrec2:2419205	54.0	6.0	1.649	-15.927
chrec2:3199692	69.9	9.7	1.338	-15.888
chrec2:2677168	73.6	10.2	1.333	-15.848
chrec2:3066780	105.8	18.4	1.012	-15.620
chrec2:3246190	70.9	9.9	1.334	-15.607
chrec2:2543247	40.9	3.6	1.996	-15.450
chrec2:2924929	48.2	5.0	1.752	-15.383
chrec2:3961023	47.9	5.1	1.707	-15.384
chrec2:1922675	38.8	3.2	2.071	-15.353
chrec2:2815412	31.0	2.0	2.474	-15.253
chrec2:3350436	45.5	4.9	1.701	-15.220
chrec2:2697244	33.1	2.3	2.361	-15.220
chrec2:713367	97.9	16.6	1.049	-15.208
chrec2:3289160	30.7	0.0	4.940	-15.001
chrec2:2594551	30.6	1.5	2.851	-15.002
chrec2:866809	30.6	1.5	2.835	-15.003
chrec2:931425	30.3	1.7	2.618	-15.004
chrec2:3819702	30.2	0.8	4.917	-15.005
chrec2:4568229	42.1	4.0	1.872	-14.926
chrec2:3128850	41.4	4.1	1.818	-14.928
chrec2:3301221	56.8	7.1	1.485	-14.832
chrec2:4272924	40.5	3.7	1.954	-14.799
chrec2:567655	47.4	5.0	1.724	-14.781
chrec2:778549	37.2	3.5	1.911	-14.688
chrec2:2393481	62.9	8.6	1.352	-14.666
chrec2:1921904	45.4	4.8	1.744	-14.608
chrec2:1397689	36.0	3.0	2.084	-14.599
chrec2:2717326	49.3	5.9	1.556	-14.565
chrec2:4504195	98.6	17.4	0.990	-14.445
chrec2:3189772	144.1	29.3	0.784	-14.223
chrec2:1650154	39.8	3.5	1.977	-14.147
chrec2:2409266	36.6	3.4	1.931	-14.022
chrec2:3250922	36.5	3.5	1.879	-14.023
chrec2:4388431	36.5	3.4	1.931	-14.024
chrec2:2026973	36.2	3.5	1.859	-14.025
chrec2:527521	43.9	4.6	1.742	-13.997
chrec2:4598362	48.6	5.9	1.540	-13.984
chrec2:2697368	48.6	5.9	1.521	-13.985
chrec2:1147669	48.2	5.9	1.519	-13.986
chrec2:4366630	34.7	3.1	1.953	-13.924
chrec2:3927414	34.7	3.1	1.961	-13.925
chrec2:4378985	33.7	2.5	2.241	-13.844
chrec2:923083	30.4	2.4	2.169	-13.795
chrec2:579446	47.5	5.4	1.637	-13.786
chrec2:636875	29.9	0.1	4.900	-13.786
chrec2:1154858	29.8	1.2	3.147	-13.787
chrec2:1594190	29.6	1.3	3.007	-13.788
chrec2:1260126	29.4	1.4	2.848	-13.789
chrec2:2720946	29.4	1.7	2.625	-13.790
chrec2:4473928	39.9	4.2	1.744	-13.668
chrec2:2453066	38.3	3.7	1.844	-13.515
chrec2:785997	58.5	8.3	1.311	-13.393
chrec2:2084320	36.1	3.2	1.974	-13.377
chrec2:838395	34.1	2.8	2.077	-13.257
chrec2:1397806	32.6	2.5	2.186	-13.159
chrec2:3397665	30.5	2.1	2.331	-13.091
chrec2:3561152	29.9	2.4	2.155	-13.092
chrec2:1980112	49.6	6.0	1.539	-13.069
chrec2:3174307	46.6	5.9	1.480	-12.847
chrec2:162070	41.8	4.9	1.587	-12.801
chrec2:2944721	49.6	6.5	1.424	-12.742
chrec2:700774	35.8	3.2	1.991	-12.727
chrec2:4380708	68.0	10.6	1.175	-12.681
chrec2:2524669	56.2	7.7	1.347	-12.636
chrec2:4543595	45.4	5.4	1.558	-12.633
chrec2:2550112	39.6	4.4	1.669	-12.611
chrec2:4607831	28.9	1.0	3.326	-12.605
chrec2:4364997	28.9	1.7	2.569	-12.606
chrec2:624024	28.9	0.2	4.853	-12.607
chrec2:71315	28.5	2.1	2.250	-12.608
chrec2:2627307	28.4	1.1	3.120	-12.609
chrec2:866967	28.2	1.0	4.816	-12.611
chrec2:3923913	32.8	3.1	1.868	-12.602
chrec2:659311	30.7	2.7	1.995	-12.488
chrec2:3631863	43.0	5.0	1.584	-12.428
chrec2:3873495	28.9	2.2	2.186	-12.403
chrec2:4107525	28.4	2.3	2.098	-12.404
chrec2:3987206	53.9	7.5	1.329	-12.403
chrec2:2998695	46.5	5.7	1.511	-12.298
chrec2:665756	36.5	3.6	1.826	-12.260
chrec2:3764642	66.4	10.8	1.107	-12.226
chrec2:3361338	49.0	6.4	1.429	-12.213
chrec2:3975046	46.3	6.2	1.378	-11.976
chrec2:426416	65.4	10.2	1.167	-11.968
chrec2:2816185	32.7	2.9	1.991	-11.949
chrec2:833456	31.9	2.9	1.962	-11.950
chrec2:3328190	42.5	5.0	1.580	-11.857
chrec2:3200525	41.2	5.2	1.469	-11.858
chrec2:3268003	37.7	3.9	1.774	-11.828
chrec2:2503799	30.7	2.5	2.113	-11.823
chrec2:2742257	30.1	2.5	2.065	-11.824
chrec2:1856597	29.7	2.7	1.945	-11.825
chrec2:3763446	35.2	3.6	1.784	-11.643
chrec2:3299794	34.7	3.8	1.659	-11.644
chrec2:4579945	34.3	3.8	1.648	-11.645
chrec2:2749402	104.3	20.9	0.803	-11.551
chrec2:3437201	27.9	1.5	2.719	-11.479
chrec2:117043	27.8	1.8	2.455	-11.480
chrec2:2763974	27.8	1.8	2.472	-11.481
chrec2:4431799	27.5	1.7	2.510	-11.482
chrec2:2859907	27.4	1.1	3.074	-11.483
chrec2:3840034	27.2	1.4	2.757	-11.484
chrec2:3157201	27.1	0.9	4.763	-11.485
chrec2:4300619	27.1	1.7	2.501	-11.486
chrec2:3191668	27.0	0.3	4.756	-11.487
chrec2:1990824	33.1	3.4	1.763	-11.478
chrec2:1064463	32.6	3.5	1.718	-11.479
chrec2:179190	82.6	14.8	0.970	-11.452
chrec2:1796884	37.5	4.5	1.535	-11.446
chrec2:4547552	65.4	10.5	1.120	-11.328
chrec2:2287702	65.1	10.8	1.080	-11.329
chrec2:3874379	30.7	3.0	1.853	-11.319
chrec2:4017417	28.9	2.6	1.965	-11.173
chrec2:3085906	66.6	10.9	1.096	-11.141
chrec2:3041837	65.8	11.0	1.061	-11.142
chrec2:3362778	81.4	14.8	0.947	-11.052
chrec2:237268	27.1	2.1	2.156	-11.051
chrec2:1634203	34.3	3.6	1.730	-11.047
chrec2:2902246	37.7	4.3	1.623	-10.864
chrec2:3003335	37.4	4.3	1.622	-10.865
chrec2:4243899	37.0	4.5	1.534	-10.866
chrec2:3839386	36.7	4.4	1.541	-10.867
chrec2:1484714	32.7	3.2	1.858	-10.861
chrec2:1988943	146.3	33.2	0.627	-10.769
chrec2:251977	30.4	2.9	1.878	-10.684
chrec2:290575	30.3	2.8	1.905	-10.685
chrec2:2940649	29.4	3.0	1.764	-10.686
chrec2:578405	51.7	8.0	1.177	-10.668
chrec2:3367627	34.7	4.0	1.618	-10.657
chrec2:4452335	45.9	6.4	1.330	-10.656
chrec2:2540921	88.3	17.0	0.865	-10.656
chrec2:2341445	61.4	10.4	1.042	-10.631
chrec2:395774	28.4	2.6	1.945	-10.528
chrec2:4596341	37.5	4.8	1.439	-10.527
chrec2:1873849	41.2	5.4	1.410	-10.448
chrec2:644247	27.0	0.1	4.754	-10.408
chrec2:2425252	26.8	1.4	2.766	-10.409
chrec2:1214104	26.8	1.0	3.215	-10.410
chrec2:2764531	26.4	0.0	4.723	-10.411
chrec2:2527320	26.1	0.7	4.708	-10.412
chrec2:2272158	26.1	0.5	4.708	-10.413
chrec2:1999012	67.5	11.7	1.014	-10.379
chrec2:2215546	39.1	5.0	1.454	-10.212
chrec2:52588	41.7	5.8	1.334	-10.165
chrec2:849372	29.2	2.9	1.831	-10.066
chrec2:1549070	29.2	3.0	1.772	-10.067
chrec2:4434489	55.3	8.9	1.127	-10.042
chrec2:2103461	61.9	10.7	1.016	-10.022
chrec2:3712925	40.1	5.6	1.334	-9.918
chrec2:3182574	43.7	6.0	1.356	-9.899
chrec2:4626392	42.6	6.1	1.279	-9.900
chrec2:2543446	27.7	2.5	1.974	-9.893
chrec2:4553949	27.0	2.8	1.761	-9.894
chrec2:3628946	35.3	4.3	1.511	-9.742
chrec2:2708815	97.6	20.0	0.773	-9.689
chrec2:692300	38.2	4.9	1.436	-9.675
chrec2:118680	38.0	4.9	1.434	-9.676
chrec2:3015052	29.9	3.4	1.622	-9.657
chrec2:4608167	40.5	5.9	1.260	-9.651
chrec2:201493	145.1	33.7	0.595	-9.519
chrec2:4034005	33.0	4.2	1.471	-9.513
chrec2:3934133	28.3	3.0	1.707	-9.454
chrec2:2760371	25.8	1.3	2.764	-9.373
chrec2:3342722	25.8	1.9	2.226	-9.374
chrec2:407831	25.7	1.6	2.484	-9.375
chrec2:3870646	25.5	1.6	2.462	-9.376
chrec2:3367118	34.3	4.4	1.450	-9.191
chrec2:3120247	42.1	6.6	1.151	-9.160
chrec2:4353770	29.4	3.4	1.615	-9.063
chrec2:1581059	29.0	3.4	1.582	-9.064
chrec2:3649984	29.0	3.2	1.675	-9.065
chrec2:4197061	160.2	38.6	0.540	-9.027
chrec2:1650838	31.7	4.2	1.408	-8.952
chrec2:3987074	35.3	4.8	1.364	-8.897
chrec2:1625597	37.9	5.3	1.323	-8.885
chrec2:594682	26.4	3.1	1.572	-8.850
chrec2:1217280	48.1	7.8	1.111	-8.804
chrec2:2196200	30.6	3.5	1.607	-8.716
chrec2:1554423	33.4	4.2	1.472	-8.648
chrec2:582832	25.1	2.5	1.807	-8.644
chrec2:2639291	36.4	5.1	1.327	-8.629
chrec2:3753781	40.1	6.2	1.178	-8.411
chrec2:4154849	30.9	4.0	1.422	-8.400
chrec2:3908669	44.2	7.2	1.109	-8.269
chrec2:4584519	62.6	12.1	0.863	-8.228
chrec2:2070604	110.9	25.6	0.604	-8.198
chrec2:2722607	38.0	5.6	1.241	-8.146
chrec2:3528126	37.4	6.0	1.136	-8.147
chrec2:4593734	32.7	4.3	1.416	-8.114
chrec2:4370067	41.8	6.9	1.084	-8.002
chrec2:1748171	513.4	151.0	0.253	-7.913
chrec2:1557449	27.5	3.3	1.543	-7.910
chrec2:2112159	27.2	3.2	1.558	-7.911
chrec2:1793965	27.0	3.2	1.546	-7.911
chrec2:3516273	43.4	7.1	1.099	-7.818
chrec2:4506710	39.7	6.4	1.115	-7.734
chrec2:77374	71.7	14.9	0.758	-7.720
chrec2:2004811	28.4	3.7	1.420	-7.603
chrec2:3436740	31.8	4.2	1.395	-7.591
chrec2:1337027	30.2	4.5	1.218	-7.592
chrec2:1772085	23.3	2.2	1.876	-7.437
chrec2:4452498	65.8	13.4	0.783	-7.416
chrec2:557005	35.2	5.3	1.216	-7.396
chrec2:3815563	31.6	4.8	1.196	-7.348
chrec2:1103591	24.8	2.8	1.621	-7.096
chrec2:4541069	43.6	7.9	0.954	-7.055
chrec2:4263627	66.3	13.9	0.744	-6.971
chrec2:3529401	49.5	9.1	0.929	-6.908
chrec2:3311169	116.4	28.6	0.512	-6.882
chrec2:2072340	24.4	3.5	1.293	-6.799
chrec2:3327995	83.3	19.2	0.605	-6.753
chrec2:1444550	35.2	5.7	1.107	-6.729
chrec2:3145038	80.6	18.4	0.617	-6.589
chrec2:4006252	28.8	4.4	1.194	-6.576
chrec2:2668150	26.8	3.5	1.408	-6.536
chrec2:4285306	43.8	8.2	0.911	-6.505
chrec2:4065762	49.0	9.6	0.835	-6.404
chrec2:3464326	23.8	3.4	1.296	-6.263
chrec2:4056255	31.2	5.1	1.094	-6.173
chrec2:4191951	35.6	6.1	1.039	-6.113
chrec2:3523738	32.7	5.3	1.113	-5.996
chrec2:3839841	54.4	11.3	0.752	-5.897
chrec2:3256782	30.1	5.2	1.034	-5.714
chrec2:2116049	29.6	5.2	0.992	-5.714
chrec2:3636328	21.4	1.3	2.496	-5.701
chrec2:1806849	34.0	6.1	0.956	-5.685
chrec2:3833709	30.6	5.6	0.940	-5.554
chrec2:2014319	34.4	6.6	0.857	-5.546
chrec2:3824331	28.2	4.7	1.068	-5.432
chrec2:150389	46.3	9.5	0.775	-5.311
chrec2:1268744	32.9	6.1	0.929	-5.268
chrec2:274324	25.9	4.5	1.010	-5.145
chrec2:1171990	59.9	13.9	0.599	-5.051
chrec2:3363296	23.6	3.6	1.186	-5.033
chrec2:1923800	35.5	6.7	0.884	-5.023
chrec2:1620770	20.7	0.8	4.368	-4.915
chrec2:813820	167.5	47.1	0.317	-4.844
chrec2:4254148	26.1	4.8	0.942	-4.551
chrec2:3530966	89.2	23.4	0.416	-4.357
chrec2:3634260	33.1	6.8	0.771	-4.267
chrec2:4371575	81.2	21.0	0.436	-4.100
chrec2:2689777	25.9	5.1	0.842	-4.015
chrec2:3049426	34.5	7.4	0.708	-3.752
chrec2:4510893	34.0	7.6	0.641	-3.753
chrec2:4404484	40.3	9.1	0.630	-3.742
chrec2:2910016	23.7	4.7	0.811	-3.730
chrec2:192764	29.4	6.1	0.745	-3.725
chrec2:3459509	218.5	65.6	0.223	-3.666
chrec2:2059708	27.7	6.1	0.667	-3.373
