#Cluster89
5.865384615384615	0.8653846153846154
9.0	0.5192307692307693
4.9423076923076925	0.7884615384615384
5.096153846153846	0.9038461538461539
5.0	1.1923076923076923
4.923076923076923	1.7115384615384615
4.75	2.3846153846153846
4.903846153846154	1.2692307692307692
8.461538461538462	1.3846153846153846
4.3076923076923075	1.4423076923076923
5.365384615384615	1.3653846153846154
5.288461538461538	1.6153846153846154
6.269230769230769	0.4807692307692308
5.0576923076923075	0.7115384615384616
5.211538461538462	0.7692307692307693
4.1923076923076925	0.9038461538461539
9.211538461538462	0.4807692307692308
7.826923076923077	0.7115384615384616
6.5576923076923075	0.8461538461538461
5.3076923076923075	0.6923076923076923
5.480769230769231	0.8269230769230769
5.75	0.5384615384615384
8.711538461538462	1.1153846153846154
5.884615384615385	0.5384615384615384
6.461538461538462	0.75
7.288461538461538	0.8269230769230769
7.115384615384615	0.6923076923076923
5.6923076923076925	1.3653846153846154
5.403846153846154	1.0769230769230769
8.153846153846153	0.9423076923076923
6.211538461538462	0.6730769230769231
5.884615384615385	1.1730769230769231
9.192307692307692	2.0
5.269230769230769	1.1538461538461537
8.923076923076923	0.6346153846153846
5.326923076923077	0.5769230769230769
9.673076923076923	0.4807692307692308
8.01923076923077	0.9038461538461539
6.961538461538462	0.6538461538461539
8.26923076923077	0.7115384615384616
10.038461538461538	1.4423076923076923
8.576923076923077	0.4230769230769231
6.596153846153846	0.6923076923076923
8.884615384615385	0.9038461538461539
6.961538461538462	0.7307692307692307
8.26923076923077	0.6923076923076923
8.403846153846153	0.8846153846153846
10.711538461538462	0.9038461538461539
13.942307692307692	0.6346153846153846
12.846153846153847	0.5769230769230769
17.057692307692307	0.8269230769230769
24.096153846153847	0.9615384615384616
45.51923076923077	1.3269230769230769
47.80769230769231	0.6730769230769231
39.69230769230769	0.46153846153846156
26.557692307692307	1.0384615384615385
23.98076923076923	0.9038461538461539
28.71153846153846	1.3076923076923077
27.903846153846153	1.1923076923076923
20.21153846153846	1.2115384615384615
23.346153846153847	0.7115384615384616
16.51923076923077	0.6538461538461539
14.115384615384615	1.2307692307692308
10.76923076923077	1.25
9.038461538461538	1.5961538461538463
8.538461538461538	1.2307692307692308
7.8076923076923075	1.6538461538461537
7.634615384615385	1.6538461538461537
10.98076923076923	5.884615384615385
10.403846153846153	2.0
14.192307692307692	1.5961538461538463
16.942307692307693	1.5384615384615385
14.23076923076923	1.1346153846153846
15.211538461538462	1.1538461538461537
34.19230769230769	1.2692307692307692
20.903846153846153	0.6730769230769231
21.692307692307693	1.1153846153846154
23.557692307692307	1.25
55.53846153846154	1.3461538461538463
132.19230769230768	1.0
73.1923076923077	1.4230769230769231
26.846153846153847	1.1923076923076923
6.884615384615385	3.2115384615384617
3.4615384615384617	9.98076923076923
2.4423076923076925	17.115384615384617
1.6730769230769231	31.326923076923077
2.1153846153846154	62.03846153846154
1.5	56.0
2.1346153846153846	38.98076923076923
2.2884615384615383	40.11538461538461
2.326923076923077	44.75
1.3846153846153846	66.5576923076923
2.269230769230769	31.384615384615383
1.9038461538461537	25.384615384615383
1.1923076923076923	19.807692307692307
1.1538461538461537	13.26923076923077
1.5576923076923077	18.576923076923077
1.9423076923076923	16.26923076923077
1.5769230769230769	20.98076923076923
1.1153846153846154	16.21153846153846
1.1346153846153846	19.46153846153846
0.8076923076923077	24.173076923076923
2.1346153846153846	16.5
0.8461538461538461	15.326923076923077
1.1153846153846154	11.903846153846153
0.8461538461538461	9.615384615384615
1.2884615384615385	14.115384615384615
1.2307692307692308	7.4423076923076925
0.7307692307692307	9.26923076923077
1.0	6.673076923076923
0.8076923076923077	8.596153846153847
0.7884615384615384	9.096153846153847
1.9807692307692308	9.711538461538462
0.8461538461538461	9.076923076923077
5.096153846153846	10.807692307692308
1.0576923076923077	9.903846153846153
0.8461538461538461	9.596153846153847
0.6730769230769231	10.288461538461538
0.8461538461538461	7.673076923076923
0.7307692307692307	6.826923076923077
0.7115384615384616	7.134615384615385
0.6538461538461539	10.25
0.9230769230769231	7.038461538461538
0.9230769230769231	7.865384615384615
0.9615384615384616	6.730769230769231
0.7692307692307693	8.884615384615385
0.9807692307692307	7.673076923076923
0.8076923076923077	7.884615384615385
1.0769230769230769	5.711538461538462
0.6153846153846154	7.461538461538462
0.6346153846153846	6.634615384615385
0.6923076923076923	6.384615384615385
1.0384615384615385	5.5
0.7884615384615384	5.615384615384615
0.8076923076923077	7.019230769230769
0.9615384615384616	8.75
2.7115384615384617	5.961538461538462
1.1346153846153846	8.76923076923077
0.6923076923076923	6.115384615384615
1.0	8.865384615384615
0.5769230769230769	7.288461538461538
0.9423076923076923	5.288461538461538
1.1153846153846154	5.115384615384615
1.3076923076923077	5.288461538461538
1.2307692307692308	6.903846153846154
0.9807692307692307	5.230769230769231
0.7692307692307693	8.173076923076923
0.8461538461538461	6.269230769230769
1.1923076923076923	5.596153846153846
1.1538461538461537	7.326923076923077
1.0961538461538463	5.1923076923076925
