#Cluster115
4.194805194805195	0.6363636363636364
4.532467532467533	0.6103896103896104
4.896103896103896	0.5844155844155844
4.7272727272727275	0.4675324675324675
4.961038961038961	0.45454545454545453
5.48051948051948	0.35064935064935066
6.558441558441558	0.974025974025974
6.0519480519480515	1.6493506493506493
6.1558441558441555	2.6493506493506493
5.311688311688312	1.8571428571428572
5.597402597402597	0.7012987012987013
4.792207792207792	0.5584415584415584
4.9480519480519485	0.8831168831168831
3.6623376623376624	0.6753246753246753
7.181818181818182	0.987012987012987
6.285714285714286	0.5974025974025974
5.532467532467533	0.7922077922077922
4.571428571428571	1.0
7.324675324675325	0.6493506493506493
5.285714285714286	0.6623376623376623
6.207792207792208	0.5064935064935064
4.675324675324675	0.8701298701298701
4.532467532467533	0.5324675324675324
6.142857142857143	0.8181818181818182
4.857142857142857	0.42857142857142855
8.922077922077921	0.4805194805194805
5.51948051948052	0.5194805194805194
5.597402597402597	0.6233766233766234
5.597402597402597	1.0389610389610389
6.740259740259741	0.6103896103896104
5.662337662337662	0.45454545454545453
4.64935064935065	0.6883116883116883
7.207792207792208	0.5974025974025974
5.7272727272727275	1.1168831168831168
8.688311688311689	1.9350649350649352
6.012987012987013	0.5844155844155844
6.701298701298701	0.5584415584415584
8.03896103896104	0.6493506493506493
6.3896103896103895	0.9090909090909091
7.571428571428571	0.6623376623376623
7.3896103896103895	0.7272727272727273
8.636363636363637	0.4025974025974026
8.831168831168831	0.4155844155844156
6.87012987012987	0.6103896103896104
6.5064935064935066	0.4805194805194805
8.116883116883116	0.6883116883116883
10.675324675324676	0.5324675324675324
8.03896103896104	1.4675324675324675
7.87012987012987	0.4155844155844156
8.2987012987013	0.5714285714285714
10.831168831168831	0.5974025974025974
13.467532467532468	0.5584415584415584
35.51948051948052	0.7272727272727273
25.77922077922078	0.9090909090909091
44.0	0.7402597402597403
37.896103896103895	0.961038961038961
34.41558441558441	0.8961038961038961
24.25974025974026	1.0649350649350648
25.12987012987013	0.6493506493506493
32.324675324675326	0.922077922077922
25.493506493506494	1.0129870129870129
30.07792207792208	0.8571428571428571
22.16883116883117	1.3376623376623376
12.168831168831169	1.0129870129870129
9.74025974025974	0.948051948051948
7.246753246753247	1.4675324675324675
8.688311688311689	1.896103896103896
6.51948051948052	1.6623376623376624
6.688311688311688	1.4155844155844155
9.051948051948052	4.584415584415584
8.532467532467532	2.844155844155844
9.493506493506494	2.4935064935064934
9.428571428571429	1.051948051948052
8.233766233766234	1.155844155844156
9.818181818181818	1.0649350649350648
11.363636363636363	1.2987012987012987
12.181818181818182	0.7142857142857143
15.61038961038961	0.922077922077922
20.38961038961039	1.3896103896103895
33.0	1.5714285714285714
68.25974025974025	0.948051948051948
33.15584415584416	1.1168831168831168
18.571428571428573	1.5844155844155845
9.792207792207792	1.5974025974025974
4.311688311688312	5.51948051948052
1.8181818181818181	12.857142857142858
0.922077922077922	34.103896103896105
0.9090909090909091	73.88311688311688
0.7402597402597403	102.35064935064935
0.8051948051948052	64.22077922077922
1.077922077922078	54.324675324675326
0.8311688311688312	62.94805194805195
0.8181818181818182	66.03896103896103
0.7532467532467533	51.55844155844156
1.6753246753246753	38.64935064935065
0.961038961038961	26.0
1.051948051948052	19.103896103896105
0.961038961038961	19.31168831168831
0.935064935064935	15.7012987012987
0.7402597402597403	14.454545454545455
0.7792207792207793	18.16883116883117
0.6493506493506493	19.01298701298701
0.6623376623376623	19.337662337662337
0.6883116883116883	18.51948051948052
0.5974025974025974	15.883116883116884
0.6753246753246753	13.428571428571429
1.0389610389610389	13.948051948051948
0.935064935064935	10.987012987012987
0.7142857142857143	7.8441558441558445
0.6103896103896104	7.1558441558441555
0.974025974025974	7.5064935064935066
0.6103896103896104	6.207792207792208
0.6623376623376623	7.675324675324675
0.8571428571428571	10.233766233766234
0.8181818181818182	7.298701298701299
0.7402597402597403	7.181818181818182
0.44155844155844154	9.12987012987013
0.4155844155844156	8.909090909090908
0.42857142857142855	8.61038961038961
0.5714285714285714	5.9480519480519485
0.4935064935064935	5.9480519480519485
0.7532467532467533	6.194805194805195
0.4675324675324675	6.8311688311688314
0.4155844155844156	7.1688311688311686
0.5324675324675324	5.207792207792208
0.37662337662337664	6.714285714285714
0.35064935064935066	6.298701298701299
0.5714285714285714	5.805194805194805
0.6623376623376623	5.961038961038961
0.44155844155844154	10.168831168831169
0.7012987012987013	6.467532467532467
0.4805194805194805	5.740259740259741
0.5454545454545454	8.454545454545455
0.5454545454545454	5.0519480519480515
0.4935064935064935	7.090909090909091
0.4155844155844156	5.688311688311688
0.922077922077922	6.545454545454546
0.4025974025974026	6.376623376623376
0.6623376623376623	5.961038961038961
0.5194805194805194	7.285714285714286
0.4025974025974026	5.545454545454546
0.38961038961038963	5.220779220779221
0.4155844155844156	5.909090909090909
0.8051948051948052	5.883116883116883
0.4025974025974026	5.8311688311688314
0.6493506493506493	4.8311688311688314
0.45454545454545453	5.090909090909091
0.5324675324675324	5.103896103896104
0.37662337662337664	5.532467532467533
0.42857142857142855	5.181818181818182
0.6233766233766234	5.376623376623376
