#Cluster78
4.412698412698413	0.4603174603174603
4.5396825396825395	0.40476190476190477
4.182539682539683	0.3888888888888889
5.896825396825397	0.3412698412698413
4.301587301587301	0.46825396825396826
5.2936507936507935	0.40476190476190477
5.007936507936508	0.3333333333333333
5.7936507936507935	0.31746031746031744
3.857142857142857	0.4126984126984127
7.357142857142857	0.3492063492063492
5.992063492063492	0.3888888888888889
5.944444444444445	0.29365079365079366
6.76984126984127	0.3888888888888889
6.214285714285714	0.4444444444444444
5.7063492063492065	0.5079365079365079
7.428571428571429	0.38095238095238093
5.079365079365079	0.3492063492063492
5.2063492063492065	0.47619047619047616
5.2936507936507935	0.38095238095238093
6.0	0.35714285714285715
5.682539682539683	0.5079365079365079
5.150793650793651	0.36507936507936506
4.833333333333333	0.4523809523809524
7.055555555555555	0.4365079365079365
5.198412698412699	0.3492063492063492
6.079365079365079	0.38095238095238093
5.9603174603174605	0.5238095238095238
6.134920634920635	0.3333333333333333
7.158730158730159	0.373015873015873
5.444444444444445	0.30158730158730157
5.571428571428571	0.3253968253968254
6.142857142857143	0.24603174603174602
8.0	0.30158730158730157
7.650793650793651	0.3888888888888889
10.34920634920635	0.373015873015873
6.26984126984127	0.4126984126984127
7.087301587301587	0.3492063492063492
6.412698412698413	0.4523809523809524
7.698412698412699	0.31746031746031744
7.349206349206349	0.29365079365079366
6.444444444444445	0.40476190476190477
6.531746031746032	0.31746031746031744
8.452380952380953	0.30952380952380953
7.373015873015873	0.3253968253968254
9.761904761904763	0.38095238095238093
9.214285714285714	0.40476190476190477
8.523809523809524	0.4126984126984127
14.507936507936508	0.373015873015873
15.333333333333334	0.47619047619047616
18.714285714285715	0.4365079365079365
21.396825396825395	0.3888888888888889
16.38888888888889	0.4444444444444444
16.38888888888889	0.5079365079365079
13.944444444444445	0.4523809523809524
17.404761904761905	0.5952380952380952
18.523809523809526	0.6984126984126984
25.5	0.746031746031746
40.801587301587304	0.6349206349206349
68.48412698412699	0.753968253968254
98.73015873015873	0.8650793650793651
136.28571428571428	0.626984126984127
111.26984126984127	0.7698412698412699
75.84126984126983	0.5793650793650794
88.2936507936508	0.626984126984127
95.62698412698413	0.6666666666666666
68.51587301587301	0.8809523809523809
40.6031746031746	1.6507936507936507
27.27777777777778	1.746031746031746
11.920634920634921	3.0
17.833333333333332	3.7777777777777777
6.0396825396825395	7.849206349206349
4.825396825396825	12.531746031746032
3.9285714285714284	9.984126984126984
3.2301587301587302	6.761904761904762
4.873015873015873	5.484126984126984
5.531746031746032	4.380952380952381
8.746031746031745	4.087301587301587
3.8492063492063493	5.253968253968254
2.8412698412698414	6.0
2.1904761904761907	15.865079365079366
1.8333333333333333	19.785714285714285
1.9285714285714286	23.349206349206348
1.2936507936507937	27.23015873015873
0.8253968253968254	27.30952380952381
1.0952380952380953	30.238095238095237
1.1904761904761905	28.634920634920636
0.7301587301587301	32.80952380952381
0.7777777777777778	43.05555555555556
0.7777777777777778	65.83333333333333
0.9206349206349206	81.22222222222223
0.7619047619047619	43.26984126984127
0.7936507936507936	38.58730158730159
0.6825396825396826	33.84920634920635
0.7142857142857143	28.658730158730158
0.5873015873015873	32.15079365079365
0.6904761904761905	44.15079365079365
0.8174603174603174	65.16666666666667
0.6428571428571429	63.5
0.8809523809523809	36.06349206349206
0.6507936507936508	27.49206349206349
0.4365079365079365	12.126984126984127
0.5	8.73015873015873
0.6746031746031746	9.174603174603174
0.4365079365079365	9.047619047619047
0.6904761904761905	6.888888888888889
0.4523809523809524	7.007936507936508
0.4603174603174603	7.317460317460317
0.5476190476190477	10.238095238095237
0.4444444444444444	7.182539682539683
0.4603174603174603	7.563492063492063
0.5	9.055555555555555
0.6031746031746031	7.753968253968254
0.3968253968253968	8.253968253968255
0.40476190476190477	6.134920634920635
0.42857142857142855	5.833333333333333
0.4365079365079365	6.579365079365079
0.46825396825396826	7.134920634920635
0.42063492063492064	5.2936507936507935
0.42063492063492064	8.238095238095237
0.4126984126984127	6.301587301587301
0.6031746031746031	5.555555555555555
0.4523809523809524	6.563492063492063
0.4603174603174603	4.817460317460317
0.626984126984127	6.023809523809524
0.5238095238095238	5.507936507936508
0.5555555555555556	5.682539682539683
0.5	6.0476190476190474
0.5	5.920634920634921
0.49206349206349204	6.698412698412699
0.5714285714285714	5.428571428571429
0.5079365079365079	5.666666666666667
0.6031746031746031	5.507936507936508
0.4365079365079365	5.722222222222222
0.4523809523809524	4.896825396825397
0.5158730158730159	5.761904761904762
0.4444444444444444	5.2063492063492065
0.5317460317460317	5.825396825396825
0.373015873015873	6.158730158730159
0.4444444444444444	4.595238095238095
0.40476190476190477	4.888888888888889
0.29365079365079366	4.436507936507937
0.42857142857142855	4.904761904761905
0.3412698412698413	4.007936507936508
0.5873015873015873	4.484126984126984
0.5317460317460317	3.8968253968253967
0.5555555555555556	4.214285714285714
0.40476190476190477	4.182539682539683
0.5476190476190477	4.436507936507937
0.4444444444444444	4.285714285714286
0.5158730158730159	3.388888888888889
0.5317460317460317	3.6984126984126986
