#Cluster405
8.04225352112676	0.676056338028169
6.591549295774648	0.39436619718309857
5.802816901408451	0.9577464788732394
11.929577464788732	0.7183098591549296
8.183098591549296	1.619718309859155
6.507042253521127	1.3098591549295775
7.830985915492958	0.7464788732394366
6.464788732394366	0.9577464788732394
5.816901408450704	2.0
8.169014084507042	2.0704225352112675
5.704225352112676	1.7746478873239437
6.154929577464789	3.211267605633803
6.704225352112676	2.915492957746479
7.647887323943662	2.4788732394366195
7.971830985915493	1.9154929577464788
7.71830985915493	1.5492957746478873
9.169014084507042	1.4788732394366197
7.704225352112676	0.9859154929577465
7.577464788732394	1.3943661971830985
6.901408450704225	0.8873239436619719
8.619718309859154	0.8591549295774648
8.126760563380282	1.1830985915492958
8.211267605633802	0.7605633802816901
8.56338028169014	1.2253521126760563
9.19718309859155	0.8591549295774648
9.084507042253522	1.028169014084507
8.154929577464788	1.647887323943662
8.070422535211268	0.9577464788732394
8.704225352112676	0.9295774647887324
7.549295774647887	0.8309859154929577
8.816901408450704	0.8450704225352113
9.154929577464788	0.7464788732394366
9.098591549295774	0.7323943661971831
11.169014084507042	0.8169014084507042
6.492957746478873	0.7605633802816901
10.183098591549296	1.295774647887324
9.971830985915492	2.0140845070422535
12.67605633802817	1.056338028169014
9.507042253521126	0.7464788732394366
10.605633802816902	0.676056338028169
10.816901408450704	0.5774647887323944
15.56338028169014	0.8732394366197183
18.929577464788732	0.8873239436619719
25.098591549295776	0.8873239436619719
18.746478873239436	0.39436619718309857
19.183098591549296	0.9577464788732394
20.183098591549296	1.0845070422535212
15.71830985915493	0.8873239436619719
16.718309859154928	0.971830985915493
15.887323943661972	1.3380281690140845
23.239436619718308	1.1267605633802817
36.070422535211264	1.8169014084507042
48.33802816901409	1.056338028169014
63.95774647887324	1.732394366197183
84.45070422535211	1.6901408450704225
86.45070422535211	1.0
91.50704225352112	1.323943661971831
99.33802816901408	1.647887323943662
94.8169014084507	1.2535211267605635
106.74647887323944	1.4507042253521127
57.40845070422535	2.056338028169014
53.478873239436616	2.9577464788732395
25.43661971830986	4.408450704225352
19.859154929577464	6.859154929577465
11.647887323943662	10.267605633802816
7.929577464788732	17.070422535211268
5.957746478873239	17.422535211267604
4.563380281690141	8.887323943661972
5.732394366197183	6.084507042253521
8.591549295774648	5.647887323943662
9.408450704225352	5.746478873239437
7.746478873239437	6.985915492957746
3.183098591549296	5.394366197183099
1.3098591549295775	10.52112676056338
3.0985915492957745	21.239436619718308
2.112676056338028	22.929577464788732
2.323943661971831	29.267605633802816
1.323943661971831	29.098591549295776
1.7605633802816902	29.464788732394368
1.5352112676056338	25.183098591549296
2.8309859154929575	27.774647887323944
1.4225352112676057	42.140845070422536
0.7323943661971831	57.563380281690144
0.647887323943662	68.49295774647888
0.7183098591549296	63.36619718309859
1.056338028169014	40.647887323943664
0.7323943661971831	52.87323943661972
0.8309859154929577	46.225352112676056
1.0422535211267605	59.61971830985915
0.8450704225352113	88.30985915492958
0.5774647887323944	186.43661971830986
0.5774647887323944	153.66197183098592
0.6338028169014085	74.28169014084507
0.39436619718309857	36.57746478873239
0.7183098591549296	21.64788732394366
0.6056338028169014	11.211267605633802
0.5352112676056338	10.887323943661972
0.6338028169014085	8.253521126760564
0.5211267605633803	8.394366197183098
0.6619718309859155	10.535211267605634
0.7183098591549296	12.549295774647888
0.5352112676056338	9.126760563380282
0.7183098591549296	9.0
0.7746478873239436	12.647887323943662
5.563380281690141	7.154929577464789
0.5352112676056338	7.802816901408451
0.4788732394366197	10.211267605633802
0.5211267605633803	7.492957746478873
0.323943661971831	9.112676056338028
0.5915492957746479	7.154929577464789
0.4788732394366197	9.070422535211268
0.6197183098591549	8.95774647887324
0.647887323943662	9.47887323943662
0.5774647887323944	7.52112676056338
0.4788732394366197	7.901408450704225
0.9577464788732394	7.47887323943662
0.5070422535211268	8.211267605633802
0.49295774647887325	7.830985915492958
0.4084507042253521	8.591549295774648
0.43661971830985913	8.873239436619718
0.323943661971831	8.366197183098592
0.29577464788732394	6.084507042253521
0.352112676056338	7.957746478873239
0.4084507042253521	6.464788732394366
0.43661971830985913	6.535211267605634
0.30985915492957744	7.309859154929577
0.38028169014084506	8.352112676056338
0.5492957746478874	6.76056338028169
0.4225352112676056	7.309859154929577
0.2112676056338028	6.436619718309859
0.4084507042253521	8.28169014084507
0.28169014084507044	5.774647887323944
0.2676056338028169	8.43661971830986
0.323943661971831	8.126760563380282
0.6197183098591549	4.661971830985915
0.39436619718309857	6.507042253521127
0.28169014084507044	5.577464788732394
0.36619718309859156	6.23943661971831
0.352112676056338	5.816901408450704
0.352112676056338	6.436619718309859
0.5070422535211268	6.71830985915493
0.43661971830985913	5.070422535211268
0.30985915492957744	5.0
0.5070422535211268	4.169014084507042
0.2112676056338028	6.830985915492958
0.38028169014084506	5.126760563380282
0.43661971830985913	5.070422535211268
0.49295774647887325	4.169014084507042
0.4647887323943662	5.577464788732394
1.4929577464788732	4.535211267605634
0.5774647887323944	5.746478873239437
