#Cluster358
5.622641509433962	0.49056603773584906
4.132075471698113	0.5283018867924528
3.9245283018867925	0.8301886792452831
4.39622641509434	0.5283018867924528
3.5849056603773586	1.0
4.886792452830188	0.41509433962264153
4.150943396226415	0.4339622641509434
5.132075471698113	0.5283018867924528
3.8867924528301887	0.5660377358490566
5.264150943396227	0.4528301886792453
4.433962264150943	0.8490566037735849
4.566037735849057	0.6415094339622641
7.264150943396227	0.5660377358490566
5.320754716981132	0.5660377358490566
4.773584905660377	0.7735849056603774
4.849056603773585	0.37735849056603776
4.962264150943396	0.660377358490566
5.09433962264151	0.6037735849056604
8.716981132075471	0.6037735849056604
8.20754716981132	0.5094339622641509
6.528301886792453	0.5471698113207547
7.320754716981132	0.49056603773584906
6.735849056603773	0.6226415094339622
6.811320754716981	0.5660377358490566
6.39622641509434	0.4528301886792453
5.3584905660377355	0.7169811320754716
5.132075471698113	0.7358490566037735
8.20754716981132	0.9811320754716981
5.113207547169812	0.7547169811320755
7.377358490566038	0.6226415094339622
6.716981132075472	0.37735849056603776
6.584905660377358	0.39622641509433965
5.39622641509434	0.8867924528301887
7.283018867924528	0.5094339622641509
5.867924528301887	0.5094339622641509
6.452830188679245	0.4716981132075472
8.245283018867925	0.7924528301886793
7.150943396226415	0.7924528301886793
7.60377358490566	0.660377358490566
6.660377358490566	0.7924528301886793
8.81132075471698	0.8679245283018868
7.830188679245283	0.6226415094339622
7.30188679245283	0.8679245283018868
8.39622641509434	0.7358490566037735
6.849056603773585	1.169811320754717
7.39622641509434	0.8113207547169812
7.09433962264151	0.5094339622641509
8.037735849056604	0.8867924528301887
9.226415094339623	0.660377358490566
11.660377358490566	1.471698113207547
15.60377358490566	1.2075471698113207
22.849056603773583	1.3773584905660377
29.641509433962263	1.3584905660377358
40.886792452830186	1.3018867924528301
31.735849056603772	1.0188679245283019
23.11320754716981	0.7358490566037735
20.07547169811321	0.9245283018867925
24.0	0.8679245283018868
29.150943396226417	0.7169811320754716
33.905660377358494	0.8679245283018868
57.81132075471698	0.5471698113207547
121.18867924528301	0.6037735849056604
81.33962264150944	0.9056603773584906
40.886792452830186	1.1886792452830188
35.660377358490564	1.1320754716981132
38.528301886792455	1.1320754716981132
36.471698113207545	1.2075471698113207
39.37735849056604	1.7547169811320755
27.67924528301887	1.9056603773584906
20.28301886792453	1.5849056603773586
22.77358490566038	1.849056603773585
9.20754716981132	1.8867924528301887
10.056603773584905	3.2452830188679247
7.867924528301887	9.132075471698114
5.69811320754717	8.69811320754717
6.188679245283019	9.849056603773585
8.358490566037736	3.3962264150943398
10.679245283018869	5.415094339622642
34.56603773584906	4.415094339622642
12.962264150943396	5.830188679245283
12.056603773584905	8.60377358490566
4.433962264150943	9.716981132075471
2.2452830188679247	19.660377358490567
1.6981132075471699	34.22641509433962
0.8679245283018868	58.490566037735846
0.9056603773584906	84.67924528301887
0.660377358490566	83.81132075471699
0.6037735849056604	70.0
0.6981132075471698	62.22641509433962
0.5849056603773585	68.26415094339623
0.5094339622641509	66.77358490566037
0.8867924528301887	59.716981132075475
0.7735849056603774	44.37735849056604
0.6981132075471698	29.58490566037736
0.5283018867924528	22.49056603773585
0.5471698113207547	17.39622641509434
0.4528301886792453	24.943396226415093
0.4339622641509434	20.735849056603772
0.6792452830188679	19.037735849056602
0.7924528301886793	31.471698113207548
0.5094339622641509	34.509433962264154
0.41509433962264153	29.41509433962264
0.6981132075471698	23.49056603773585
0.41509433962264153	13.037735849056604
0.5471698113207547	10.037735849056604
0.6981132075471698	8.849056603773585
0.49056603773584906	11.943396226415095
0.5471698113207547	7.377358490566038
0.6981132075471698	8.79245283018868
0.37735849056603776	8.849056603773585
0.5471698113207547	8.830188679245284
0.33962264150943394	8.075471698113208
0.5094339622641509	13.30188679245283
0.37735849056603776	11.622641509433961
0.8490566037735849	8.320754716981131
0.49056603773584906	8.320754716981131
0.49056603773584906	6.226415094339623
0.41509433962264153	8.264150943396226
0.39622641509433965	5.490566037735849
0.33962264150943394	6.245283018867925
0.5283018867924528	7.0
0.33962264150943394	7.264150943396227
0.39622641509433965	7.169811320754717
0.3584905660377358	6.018867924528302
0.41509433962264153	6.09433962264151
0.39622641509433965	6.9245283018867925
0.37735849056603776	6.886792452830188
0.41509433962264153	6.754716981132075
0.39622641509433965	5.547169811320755
0.5094339622641509	8.88679245283019
0.4339622641509434	7.264150943396227
0.5471698113207547	6.716981132075472
0.4716981132075472	4.849056603773585
0.4339622641509434	4.943396226415095
0.33962264150943394	7.113207547169812
0.2641509433962264	7.0
0.49056603773584906	7.339622641509434
0.20754716981132076	9.377358490566039
0.33962264150943394	5.452830188679245
0.37735849056603776	4.735849056603773
0.22641509433962265	5.150943396226415
0.3584905660377358	4.056603773584905
0.24528301886792453	5.6415094339622645
0.33962264150943394	4.679245283018868
0.18867924528301888	5.509433962264151
0.41509433962264153	5.113207547169812
0.37735849056603776	4.7924528301886795
0.4339622641509434	5.018867924528302
0.5094339622641509	4.6415094339622645
0.8301886792452831	6.264150943396227
0.37735849056603776	4.981132075471698
