#Cluster151
5.166666666666667	1.2142857142857142
5.166666666666667	0.6428571428571429
5.714285714285714	0.47619047619047616
4.0476190476190474	0.47619047619047616
4.333333333333333	0.42857142857142855
10.238095238095237	0.2619047619047619
4.5476190476190474	0.40476190476190477
5.809523809523809	0.6190476190476191
5.809523809523809	0.6190476190476191
5.761904761904762	0.6666666666666666
6.571428571428571	0.8333333333333334
7.071428571428571	0.47619047619047616
5.785714285714286	0.6904761904761905
6.476190476190476	0.8333333333333334
6.714285714285714	0.5476190476190477
5.976190476190476	2.5476190476190474
7.976190476190476	0.5238095238095238
6.666666666666667	0.5
6.809523809523809	0.6428571428571429
5.309523809523809	0.8333333333333334
8.833333333333334	0.6428571428571429
7.976190476190476	0.7857142857142857
9.0	0.5238095238095238
6.428571428571429	0.5714285714285714
6.761904761904762	0.7857142857142857
6.380952380952381	0.8809523809523809
9.357142857142858	0.6904761904761905
7.261904761904762	0.5238095238095238
9.30952380952381	0.5952380952380952
8.571428571428571	0.6666666666666666
8.761904761904763	0.5952380952380952
9.0	1.0
8.571428571428571	0.6190476190476191
6.238095238095238	0.6666666666666666
8.357142857142858	0.6666666666666666
8.023809523809524	0.3333333333333333
9.761904761904763	0.9523809523809523
8.452380952380953	0.7380952380952381
10.571428571428571	0.7619047619047619
7.738095238095238	0.5476190476190477
13.19047619047619	0.6190476190476191
13.071428571428571	0.9285714285714286
7.714285714285714	0.6190476190476191
7.666666666666667	0.8809523809523809
10.761904761904763	0.5476190476190477
9.904761904761905	0.6666666666666666
11.642857142857142	0.6428571428571429
13.142857142857142	0.5
14.428571428571429	0.5714285714285714
16.714285714285715	0.9761904761904762
22.095238095238095	1.1666666666666667
21.261904761904763	0.7619047619047619
21.095238095238095	1.2619047619047619
21.857142857142858	1.119047619047619
14.333333333333334	1.4285714285714286
15.642857142857142	1.1428571428571428
18.61904761904762	1.0238095238095237
27.928571428571427	1.0476190476190477
49.61904761904762	1.0952380952380953
161.5952380952381	1.1666666666666667
108.73809523809524	1.119047619047619
61.23809523809524	3.5714285714285716
57.76190476190476	0.9761904761904762
49.023809523809526	0.9047619047619048
71.80952380952381	1.0238095238095237
90.83333333333333	1.1904761904761905
45.04761904761905	1.119047619047619
17.11904761904762	1.4523809523809523
9.261904761904763	3.261904761904762
5.404761904761905	6.261904761904762
2.8095238095238093	11.928571428571429
2.2857142857142856	26.88095238095238
1.8333333333333333	44.0
2.1666666666666665	30.19047619047619
1.6666666666666667	20.261904761904763
1.880952380952381	14.452380952380953
1.5238095238095237	10.857142857142858
3.142857142857143	11.857142857142858
2.9761904761904763	10.238095238095237
2.6904761904761907	6.809523809523809
2.142857142857143	11.547619047619047
4.119047619047619	6.523809523809524
3.738095238095238	10.547619047619047
8.619047619047619	8.428571428571429
2.142857142857143	8.333333333333334
3.0476190476190474	7.738095238095238
3.7857142857142856	7.642857142857143
2.6666666666666665	9.785714285714286
1.380952380952381	12.571428571428571
1.3333333333333333	14.857142857142858
1.3333333333333333	21.833333333333332
1.4285714285714286	25.476190476190474
1.1904761904761905	30.976190476190474
1.7380952380952381	37.69047619047619
1.0	27.904761904761905
1.6904761904761905	28.904761904761905
0.9523809523809523	39.23809523809524
0.7380952380952381	55.5
1.2857142857142858	70.85714285714286
0.8095238095238095	48.095238095238095
1.3333333333333333	38.785714285714285
0.8333333333333334	18.5
0.8571428571428571	16.857142857142858
0.5714285714285714	13.904761904761905
0.7380952380952381	9.214285714285714
0.8809523809523809	10.80952380952381
0.8095238095238095	8.261904761904763
0.7619047619047619	8.642857142857142
0.5238095238095238	8.80952380952381
0.9285714285714286	10.333333333333334
0.7619047619047619	8.5
1.1666666666666667	9.833333333333334
0.7619047619047619	9.071428571428571
0.6428571428571429	8.19047619047619
1.0476190476190477	9.023809523809524
0.38095238095238093	11.071428571428571
1.1666666666666667	7.4523809523809526
0.5952380952380952	8.952380952380953
0.7380952380952381	6.714285714285714
0.7142857142857143	7.523809523809524
0.5476190476190477	6.642857142857143
1.0476190476190477	8.333333333333334
1.0238095238095237	7.595238095238095
0.7380952380952381	5.595238095238095
0.8095238095238095	7.857142857142857
1.0	6.785714285714286
0.5714285714285714	7.904761904761905
0.6428571428571429	6.0
0.7857142857142857	6.9523809523809526
0.8333333333333334	5.119047619047619
0.5952380952380952	5.119047619047619
0.7142857142857143	5.714285714285714
0.6428571428571429	5.142857142857143
1.119047619047619	6.880952380952381
1.3333333333333333	5.190476190476191
1.3571428571428572	5.4523809523809526
1.1904761904761905	6.738095238095238
0.8333333333333334	7.190476190476191
0.7380952380952381	10.428571428571429
0.7142857142857143	5.071428571428571
1.9523809523809523	6.714285714285714
1.7619047619047619	5.333333333333333
2.261904761904762	5.666666666666667
1.7380952380952381	6.738095238095238
0.9047619047619048	6.166666666666667
1.0238095238095237	5.619047619047619
0.9285714285714286	4.142857142857143
1.8095238095238095	5.285714285714286
2.0	8.714285714285714
2.2142857142857144	4.380952380952381
1.2380952380952381	5.095238095238095
