#Cluster230
11.050632911392405	2.430379746835443
6.848101265822785	1.9493670886075949
5.6075949367088604	1.620253164556962
5.151898734177215	3.0759493670886076
6.0	4.3164556962025316
5.1645569620253164	6.050632911392405
5.582278481012659	4.379746835443038
5.151898734177215	6.632911392405063
4.6075949367088604	4.2405063291139244
7.037974683544304	5.658227848101266
6.784810126582278	5.075949367088608
6.784810126582278	5.6835443037974684
9.417721518987342	3.6962025316455698
6.6075949367088604	5.025316455696203
6.848101265822785	4.481012658227848
6.0	1.8987341772151898
10.329113924050633	1.1265822784810127
6.30379746835443	1.0
7.556962025316456	1.3291139240506329
5.746835443037975	1.0126582278481013
6.1645569620253164	1.6962025316455696
7.2405063291139244	1.0759493670886076
6.468354430379747	1.4050632911392404
6.430379746835443	1.4683544303797469
5.987341772151899	1.6329113924050633
9.037974683544304	1.620253164556962
9.164556962025317	1.0759493670886076
8.658227848101266	1.0632911392405062
8.708860759493671	0.8987341772151899
7.329113924050633	2.481012658227848
7.582278481012659	1.1139240506329113
7.405063291139241	1.5443037974683544
8.050632911392405	1.1265822784810127
7.658227848101266	1.759493670886076
9.151898734177216	0.8734177215189873
7.658227848101266	0.8227848101265823
9.050632911392405	1.0379746835443038
7.810126582278481	0.8227848101265823
7.2784810126582276	0.7974683544303798
7.69620253164557	0.9620253164556962
8.708860759493671	0.8354430379746836
8.227848101265822	1.0886075949367089
9.784810126582279	1.379746835443038
10.443037974683545	1.3670886075949367
8.848101265822784	1.2658227848101267
9.949367088607595	1.0759493670886076
11.455696202531646	2.1139240506329116
8.848101265822784	1.1772151898734178
14.670886075949367	1.0886075949367089
14.860759493670885	1.3544303797468353
25.303797468354432	1.9873417721518987
33.29113924050633	1.8227848101265822
49.58227848101266	1.5696202531645569
69.34177215189874	1.7088607594936709
70.59493670886076	1.8101265822784811
45.30379746835443	1.3164556962025316
31.746835443037973	2.5569620253164556
33.9746835443038	1.5696202531645569
30.88607594936709	1.3670886075949367
38.177215189873415	1.518987341772152
68.41772151898734	1.2658227848101267
55.0253164556962	1.379746835443038
49.08860759493671	1.4683544303797469
36.30379746835443	1.5822784810126582
30.670886075949365	1.9746835443037976
31.227848101265824	2.0632911392405062
29.430379746835442	2.240506329113924
32.063291139240505	2.2025316455696204
27.810126582278482	3.088607594936709
21.455696202531644	2.6835443037974684
14.50632911392405	2.430379746835443
6.7215189873417724	3.4177215189873418
7.253164556962025	6.151898734177215
5.810126582278481	10.835443037974683
7.189873417721519	14.075949367088608
7.632911392405063	8.316455696202532
6.443037974683544	7.012658227848101
13.670886075949367	5.746835443037975
22.037974683544302	6.265822784810126
15.316455696202532	15.037974683544304
6.89873417721519	17.835443037974684
3.0126582278481013	34.379746835443036
2.2151898734177213	93.16455696202532
1.1898734177215189	64.44303797468355
2.1772151898734178	78.65822784810126
1.0506329113924051	81.63291139240506
0.8354430379746836	77.31645569620254
0.9620253164556962	64.39240506329114
0.9113924050632911	75.49367088607595
2.0	95.12658227848101
1.4430379746835442	105.88607594936708
0.9493670886075949	71.46835443037975
1.0632911392405062	37.29113924050633
1.0126582278481013	24.151898734177216
0.7721518987341772	15.835443037974683
0.9367088607594937	12.772151898734178
1.2531645569620253	14.886075949367088
0.6075949367088608	16.0
0.9620253164556962	16.911392405063292
1.4430379746835442	21.050632911392405
1.5569620253164558	17.645569620253166
1.4303797468354431	16.924050632911392
1.3924050632911393	17.0
1.2911392405063291	11.759493670886076
1.2531645569620253	15.126582278481013
1.3544303797468353	10.620253164556962
0.6582278481012658	9.987341772151899
0.9746835443037974	7.6835443037974684
1.3037974683544304	8.49367088607595
0.9367088607594937	8.822784810126583
1.2278481012658229	8.405063291139241
1.5443037974683544	8.481012658227849
0.8227848101265823	7.670886075949367
1.0	8.708860759493671
1.2911392405063291	9.189873417721518
0.9113924050632911	9.50632911392405
0.810126582278481	9.949367088607595
0.9620253164556962	9.531645569620252
0.7974683544303798	6.860759493670886
0.7721518987341772	6.6835443037974684
0.8481012658227848	6.253164556962025
0.7341772151898734	8.620253164556962
0.8481012658227848	6.227848101265823
0.8227848101265823	8.835443037974683
0.3924050632911392	6.556962025316456
0.6835443037974683	8.848101265822784
0.8607594936708861	7.050632911392405
0.7468354430379747	6.6835443037974684
0.7215189873417721	7.481012658227848
0.8227848101265823	6.69620253164557
0.6835443037974683	9.341772151898734
0.6582278481012658	7.772151898734177
1.1012658227848102	10.177215189873417
0.6075949367088608	8.126582278481013
0.759493670886076	8.08860759493671
0.620253164556962	8.658227848101266
0.7974683544303798	7.822784810126582
0.6455696202531646	9.468354430379748
0.759493670886076	12.455696202531646
0.7721518987341772	8.962025316455696
0.4177215189873418	6.8734177215189876
0.7974683544303798	6.7215189873417724
0.5316455696202531	6.506329113924051
0.7341772151898734	7.30379746835443
0.9746835443037974	6.7215189873417724
0.810126582278481	5.772151898734177
0.569620253164557	8.721518987341772
1.0759493670886076	6.0886075949367084
1.0886075949367089	4.89873417721519
0.8227848101265823	5.772151898734177
0.8860759493670886	5.405063291139241
