 166  102  105  127
 150  119  112  119
 131  135  119  115
 153  104  127  116
 140  118   97  145
 116  139  120  125
 154  105  106  135
 115  145  120  120
 154  111  113  122
 139   91  139  131
 135   98  136  131
 205   60  144   91
 105  129   91  175
  57  106   28  309
   2    0  498    0
 134  104  207   55
  95   80   84  241
   7  191  119  183
 417    8   63   12
 379   34   41   46
 420   18   21   41
 404   11   18   67
 357   30   15   98
 259   34   58  149
  50   94   48  308
 188  146  163    3
 253   54  123   70
 100  177  126   97
   0  497    3    0
 282   37  143   38
 182   96  133   89
 141  102   60  197
 145  123  110  122
 141   99  126  134
 148  117  133  102
 153   93  135  119
 173   83  137  107
 158  117  106  119
 139  116  106  139
 140   79  142  139
 121  107  130  142
 151  109  109  131
 180   96   85  139
 115  118  132  135
 131   95  142  132
 148   93  108  151
 153  129  100  118
 156  116  121  107
 152   90  111  147
 133   94  125  148