 101  133  145  117
 123  131  124  118
 100  145  107  144
 130  113  136  117
 211   75  100  110
 182   68   80  166
 230   61   66  139
 275   18   26  177
 219   34   21  222
 132  124   62  178
 117  131   91  157
  75  176   88  157
  19  305  130   42
 205   66   27  198
 117   24  151  204
 169   91  102  134
 216   47   72  161
 251   35   55  155
 269   29   22  176
 297   17   12  170
 100   10    0  386
   0  470   11   15
 484    8    4    0
 285    0  139   72
  51  227  120   98
 208   97  137   54
 218   62  122   94
  74  125  217   80
 127   21    7  341
  36    3    1  456
 277   56  133   30
 130  185   98   83
 134  121  150   91
 142  105  141  108
 158  105  113  120
 150   98  110  138
 150  119   90  137
 171   85   88  152
 135  116   89  156
 120  120  120  136
 172   96   93  135
 117   99  116  164
 119  134  123  120
 161  104  109  122
 128  133  111  124
 110  131  157   98
 126  141  111  118
 102  131   92  171
 126  109  130  131
 151  102  118  125