  96   10   23   20
  96    7   11   35
  82   11   10   46
  41   21    3   84
  68    3   20   58
  48   22   35   44
  48   28   39   34
  22   59   31   37
  17   21   75   36
  10   41   17   81
   9    2    3  135
   2    3   60   84
  51   24   69    5
  50   68    4   27
  35   63   29   22
  40   34   21   54
  44   47   34   24
  33   22   58   36
  13   41   61   34
  34   47   34   34
  49   13   76   11
  28   33   64   24
  28   31   60   30
  49   35   42   23
  34   14   66   35
  54   19   57   19
  78    8   27   36
  61   45   19   24
  31   17   34   67
  18   59   56   16
  26   75   30   18
   8   45   81   15
   0   13    3  133
 139    0    1    9
  30   20    6   93
 100    0    6   43
 133    5    8    3
   0    1    1  147
  23   18   91   17
   0  133    1   15
  26   18   98    7
   8  117   21    3
  25   98   25    1
  34   54   26   35
   3  123    5   18
  14  101   26    8
  37   42   11   59
  13   44   20   72
  11   45   30   63
  23   25   73   28