  14   41   19   60
  28    8   54   44
  47   45   21   21
  41   28   26   39
  11   37   37   49
  20   41   19   54
  19   43   17   55
  33   42   40   19
  28   45   37   24
  35   52   45    2
  37   76   13    8
   2   53   24   55
   7    0    0  127
   0    0   50   84
  50    2   81    1
 125    2    0    7
 103    0    6   25
  76    0   11   47
  34   28   35   37
  18   43   20   53
  14   38   36   46
  10   18   42   64
  31   20   52   31
  50   39   29   16
  28   19   42   45
  43   26   12   53
  36   22   15   61
  36   34    7   57
   6   68   12   48
  58    6   70    0
  22   60    9   43
   8  123    3    0
  26   98   10    0
  14  104    0   16
  10  102    7   15
 128    0    0    6
   0   22    0  112
  47   25   23   39
  25   12    0   97
  55   33   15   31
  43   23   29   39
  30   38   25   41
  56   28   25   25
  25   29   38   42
  33   16   39   46
  36   43   27   28
  80   19   13   22
  48   24   27   35
  12   68   14   40
  42   35   34   23