 129   85   96  116
 148   95   76  107
 114  108   94  110
 114  105  100  107
 130   81  126   89
 143  101   77  105
 110  117  104   95
 111  112  117   86
  63  103  122  138
 118  106   99  103
 103   66  110  147
 107  100   86  133
 124   80   85  137
  88  107   80  151
 145  145   41   95
 189   74   82   81
 194   33   82  117
 151   82   53  140
 128   54  122  122
  91  168   33  134
  18   47   12  349
   2    0  422    2
   0    0  422    4
   8  382    0   36
 363    9   39   15
  27  233    5  161
 144   31  214   37
 176   79  113   58
 171   58   34  163
 134   28   21  243
 121   58   55  192
 135   44   12  235
   3   33    0  390
   0    5  397   24
  39  362    0   25
 219   65   42  100
 109   74   80  163
 114   75   95  142
 122  112   84  108
 141  104   69  112
  92  109  129   96
  83  142  102   99
 117   84   98  127
 110   63  135  118
 111   70  143  102
 122  125   83   96
 144  112   87   83
 163   66  128   69
  95  101  132   98
 143  106   80   97